timestamp,elapsed_seconds,vehicle_name,engine_temp,rpm,speed,fuel_level,engine_load,throttle_pos,battery_voltage,battery_health,dtc_count,sensor_fault,hard_braking_freq,accel_variance,idle_ratio,driving_style,ambient_temp,weather_condition,weather_raw,monthly_precipitation,wind_speed,humidity,pressure_hpa,road_roughness,traffic_density,road_type,mileage,vehicle_age,brake_thickness,tire_tread,oil_degradation,latitude,longitude,city,calc_fuel_rate_lph,calc_fuel_l100km,calc_co2_g_per_km,maintenance_probability,severity,needs_maintenance
2026-01-21 20:04:32,0.0,Safari Storme EX,26.3,766.19,0.0,43.3,18.1485,0.0,10.79440166744364,0.7347,0,0,0.0,0.0,1.0,Stop-and-Go,26.3,Drizzle,Drizzle,79.2,6.4,81.5,1011.8,4.0,58.5,Urban,68626,11,5.7,4.2,0.765,18.5205,73.8482,Pune,,,,0.7571,WARNING,False
2026-01-21 20:04:34,2.4,Safari Storme EX,26.3,932.62,0.0,43.3,19.766646534653464,4.562376237623762,10.762632945501506,0.7347,0,0,0.0,0.0,1.0,Stop-and-Go,26.3,Drizzle,Drizzle,79.2,6.4,81.5,1011.8,4.0,58.5,Urban,68626,11,5.7,4.2,0.765,18.521640594059406,73.84746336633664,Pune,,,,0.7571,WARNING,False
2026-01-21 20:04:36,4.8,Safari Storme EX,27.3,939.34,1.8,43.3,21.38479306930693,9.124752475247524,10.730864223559372,0.7347,0,0,0.0,1.039,0.667,Stop-and-Go,26.3,Drizzle,Drizzle,79.2,6.4,81.5,1011.8,4.0,58.5,Urban,68626,11,5.7,4.2,0.765,18.522781188118813,73.84672673267328,Pune,,,,0.7571,WARNING,False
2026-01-21 20:04:39,7.2,Safari Storme EX,26.9,830.05,0.0,43.3,23.002939603960396,13.687128712871285,10.699095501617238,0.7347,0,0,0.0,0.9,0.75,Stop-and-Go,26.3,Drizzle,Drizzle,79.2,6.4,81.5,1011.8,4.0,58.5,Urban,68626,11,5.7,4.2,0.765,18.523921782178217,73.84599009900991,Pune,,,,0.7571,WARNING,False
2026-01-21 20:04:41,9.6,Safari Storme EX,27.8,843.81,0.0,43.3,24.62108613861386,18.249504950495048,10.667326779675106,0.7347,0,0,0.0,0.805,0.8,Stop-and-Go,26.3,Drizzle,Drizzle,79.2,6.4,81.5,1011.8,4.0,58.5,Urban,68626,11,5.6999,4.2,0.765,18.525062376237624,73.84525346534653,Pune,,,,0.7571,WARNING,False
2026-01-21 20:04:44,12.0,Safari Storme EX,27.7,756.0,2.2,43.0,23.65990849056604,15.758490566037734,10.627509557432314,0.726,0,0,0.0,1.105,0.667,Stop-and-Go,26.3,Drizzle,Drizzle,79.2,6.4,81.5,1011.8,4.0,58.5,Urban,68626,11,5.6999,4.2,0.765,18.52417075471698,73.84621132075472,Pune,,,,0.7571,WARNING,False
2026-01-21 20:04:46,14.4,Safari Storme EX,28.7,900.72,0.0,43.0,22.019961320754717,11.411320754716982,10.585574308794612,0.726,0,0,0.0,1.105,0.714,Stop-and-Go,26.3,Drizzle,Drizzle,79.2,6.4,81.5,1011.8,4.0,58.5,Urban,68626,11,5.6999,4.2,0.765,18.52274433962264,73.84761509433962,Pune,,,,0.7571,WARNING,False
2026-01-21 20:04:48,16.8,Safari Storme EX,29.3,780.65,0.0,43.0,20.380014150943396,7.064150943396223,10.54363906015691,0.726,0,0,0.0,0.984,0.75,Stop-and-Go,26.3,Drizzle,Drizzle,79.2,6.4,81.5,1011.8,4.0,58.5,Urban,68626,11,5.6999,4.1999,0.765,18.5213179245283,73.84901886792453,Pune,,,,0.7571,WARNING,False
2026-01-21 20:04:51,19.2,Safari Storme EX,29.0,750.0,0.2,43.0,18.740066981132074,2.716981132075471,10.501703811519208,0.726,0,0,0.0,0.965,0.667,Stop-and-Go,26.3,Drizzle,Drizzle,79.2,6.4,81.5,1011.8,4.0,58.5,Urban,68626,11,5.6999,4.1999,0.765,18.51989150943396,73.85042264150943,Pune,,,,0.7571,WARNING,False
2026-01-21 20:04:53,21.6,Safari Storme EX,29.7,1014.94,0.0,43.5,17.859918999999998,1.3499999999999979,10.805299795819787,0.7393,0,0,0.0,0.965,0.7,Stop-and-Go,26.3,Drizzle,Drizzle,79.2,6.4,81.5,1011.8,4.0,58.5,Urban,68626,11,5.6999,4.1999,0.765,18.518936999999998,73.852533,Pune,,,,0.7571,WARNING,False
2026-01-21 20:04:56,24.0,Safari Storme EX,30.1,783.36,0.5,43.5,18.246103,4.950000000000001,11.684781168350833,0.7393,0,0,0.0,0.219,0.6,Stop-and-Go,26.3,Drizzle,Drizzle,79.2,6.4,81.5,1011.8,4.0,58.5,Urban,68626,11,5.6998,4.1999,0.765,18.518769,73.85582099999999,Pune,,,,0.7571,WARNING,False
2026-01-21 20:04:58,26.4,Safari Storme EX,29.9,1061.2,0.0,43.5,18.632287,8.549999999999999,12.564262540881877,0.7393,0,0,0.0,0.219,0.6,Stop-and-Go,26.3,Drizzle,Drizzle,79.2,6.4,81.5,1011.8,4.0,58.5,Urban,68626,11,5.6998,4.1999,0.765,18.518601,73.85910899999999,Pune,,,,0.7571,WARNING,False
2026-01-21 20:05:00,28.8,Safari Storme EX,30.1,835.07,2.5,43.5,19.018471,12.149999999999997,13.443743913412922,0.7393,0,0,0.0,1.06,0.6,Stop-and-Go,26.3,Drizzle,Drizzle,79.2,6.4,81.5,1011.8,4.0,58.5,Urban,68626,11,5.6998,4.1999,0.765,18.518432999999998,73.862397,Pune,,,,0.7571,WARNING,False
2026-01-21 20:05:03,31.2,Safari Storme EX,30.7,750.0,1.3,42.3,19.689600000000002,14.25,14.1448,0.7204,0,0,0.0,1.06,0.5,Stop-and-Go,26.3,Drizzle,Drizzle,79.2,6.4,81.5,1011.8,4.0,58.5,Urban,68626,11,5.6998,4.1999,0.765,18.518645,73.86429,Pune,,,,0.7571,WARNING,False
2026-01-21 20:05:05,33.6,Safari Storme EX,31.5,750.0,0.0,42.3,21.443520000000003,10.649999999999999,14.16784,0.7204,0,0,0.0,1.06,0.5,Stop-and-Go,26.3,Drizzle,Drizzle,79.2,6.4,81.5,1011.8,4.0,58.5,Urban,68626,11,5.6998,4.1999,0.765,18.520301,73.860882,Pune,,,,0.7571,WARNING,False
2026-01-21 20:05:08,36.0,Safari Storme EX,30.8,911.79,0.0,42.3,23.19744,7.050000000000002,14.19088,0.7204,0,0,0.0,1.124,0.6,Stop-and-Go,26.3,Drizzle,Drizzle,79.2,6.4,81.5,1011.8,4.0,58.5,Urban,68626,11,5.6998,4.1999,0.765,18.521957,73.857474,Pune,,,,0.7571,WARNING,False
2026-01-21 20:05:10,38.4,Safari Storme EX,31.7,750.0,0.0,42.3,24.951359999999998,3.4500000000000046,14.21392,0.7204,0,0,0.0,1.124,0.6,Stop-and-Go,26.3,Drizzle,Drizzle,79.2,6.4,81.5,1011.8,4.0,58.5,Urban,68626,11,5.6998,4.1999,0.765,18.523613,73.854066,Pune,,,,0.7571,WARNING,False
2026-01-21 20:05:12,40.8,Safari Storme EX,32.3,750.71,2.5,46.1,27.043396874999978,0.0,14.235208333333334,0.7431,0,0,0.0,1.124,0.5,Stop-and-Go,26.3,Drizzle,Drizzle,79.2,6.4,81.5,1011.8,4.0,58.5,Urban,68626,11,5.6997,4.1999,0.765,18.525190625,73.85075,Pune,,,,0.7571,WARNING,False
2026-01-21 20:05:15,43.2,Safari Storme EX,31.9,750.0,0.0,46.1,36.91212187499998,0.0,14.216208333333334,0.7431,0,0,0.0,1.118,0.6,Stop-and-Go,26.3,Drizzle,Drizzle,79.2,6.4,81.5,1011.8,4.0,58.5,Urban,68626,11,5.6997,4.1999,0.765,18.524965625,73.84955000000001,Pune,,,,0.7571,WARNING,False
2026-01-21 20:05:17,45.6,Safari Storme EX,32.2,929.26,3.0,46.1,46.78084687500001,0.0,14.197208333333334,0.7431,0,0,0.0,1.517,0.5,Smooth,26.3,Drizzle,Drizzle,79.2,6.4,81.5,1011.8,4.0,58.5,Urban,68626,11,5.6997,4.1999,0.765,18.524740625,73.84835000000001,Pune,,,,0.7571,WARNING,False
2026-01-21 20:05:20,48.0,Safari Storme EX,32.7,933.17,4.3,46.1,56.64957187500001,0.0,14.178208333333334,0.7431,0,0,0.0,1.906,0.5,Smooth,26.3,Drizzle,Drizzle,79.2,6.4,81.5,1011.8,4.0,58.5,Urban,68626,11,5.6997,4.1998,0.765,18.524515625,73.84715,Pune,,,,0.7571,WARNING,False
2026-01-21 20:05:22,50.4,Safari Storme EX,33.4,943.53,3.4,47.0,66.00013366336634,0.0,14.159920792079207,0.7399,0,0,0.0,1.616,0.4,Smooth,26.3,Drizzle,Drizzle,79.2,6.4,81.5,1011.8,4.0,58.5,Urban,68626,11,5.6997,4.1998,0.765,18.52431782178218,73.84601485148515,Pune,,,,0.7571,WARNING,False
2026-01-21 20:05:24,52.8,Safari Storme EX,33.5,917.76,7.1,47.0,63.43294158415842,0.0,14.158019801980197,0.7399,0,0,0.0,2.554,0.4,Smooth,26.3,Drizzle,Drizzle,79.2,6.4,81.5,1011.8,4.0,58.5,Urban,68626,11,5.6997,4.1998,0.765,18.524745544554456,73.84637128712872,Pune,,,,0.7571,WARNING,False
2026-01-21 20:05:27,55.2,Safari Storme EX,33.6,1012.76,5.1,47.0,60.8657495049505,0.0,14.156118811881187,0.7399,0,0,0.0,1.627,0.4,Smooth,26.3,Drizzle,Drizzle,79.2,6.4,81.5,1011.8,4.0,58.5,Urban,68626,11,5.6997,4.1998,0.765,18.525173267326732,73.84672772277227,Pune,,,,0.7571,WARNING,False
2026-01-21 20:05:29,57.6,Safari Storme EX,34.0,818.67,6.0,47.0,58.29855742574258,0.0,14.154217821782177,0.7399,0,0,0.0,1.441,0.3,Smooth,26.3,Drizzle,Drizzle,79.2,6.4,81.5,1011.8,4.0,58.5,Urban,68626,11,5.6996,4.1998,0.765,18.525600990099008,73.84708415841584,Pune,,,,0.7571,WARNING,False
2026-01-21 20:05:32,60.0,Safari Storme EX,34.2,1054.67,6.1,47.0,55.73136534653465,0.0,14.152316831683168,0.7399,0,0,0.0,1.39,0.2,Smooth,26.3,Drizzle,Drizzle,79.2,6.4,81.5,1011.8,4.0,58.5,Urban,68626,11,5.6996,4.1998,0.765,18.526028712871287,73.8474405940594,Pune,,,,0.7571,WARNING,False
2026-01-21 20:05:34,62.4,Safari Storme EX,35.0,1012.58,5.4,42.5,56.35593137254902,0.0,14.14356862745098,0.7595,0,0,0.0,0.77,0.1,Smooth,26.3,Drizzle,Drizzle,79.2,6.4,81.5,1011.8,4.0,58.5,Urban,68626,11,5.6996,4.1998,0.765,18.523433333333333,73.84787254901961,Pune,,,,0.7571,WARNING,False
2026-01-21 20:05:36,64.8,Safari Storme EX,35.2,939.23,5.4,42.5,57.61884901960784,0.0,14.133450980392157,0.7595,0,0,0.0,0.43,0.1,Smooth,26.3,Drizzle,Drizzle,79.2,6.4,81.5,1011.8,4.0,58.5,Urban,68626,11,5.6996,4.1998,0.7651,18.520233333333334,73.84831960784314,Pune,,,,0.7574,WARNING,False
2026-01-21 20:05:39,67.2,Safari Storme EX,35.7,1131.69,9.3,42.5,58.88176666666667,0.0,14.123333333333333,0.7595,0,0,0.0,1.632,0.0,Smooth,26.3,Drizzle,Drizzle,79.2,6.4,81.5,1011.8,4.0,58.5,Urban,68626,11,5.6996,4.1998,0.7651,18.517033333333334,73.84876666666666,Pune,,,,0.7574,WARNING,False
2026-01-21 20:05:41,69.6,Safari Storme EX,35.6,978.56,6.4,42.5,60.14468431372549,0.0,14.11321568627451,0.7595,0,0,0.0,1.615,0.0,Smooth,26.3,Drizzle,Drizzle,79.2,6.4,81.5,1011.8,4.0,58.5,Urban,68626,11,5.6996,4.1998,0.7651,18.513833333333334,73.8492137254902,Pune,,,,0.7574,WARNING,False
2026-01-21 20:05:44,72.0,Safari Storme EX,36.6,806.75,5.5,41.3,60.88908571428572,5.100000000000015,14.110714285714286,0.7434,0,0,0.0,1.675,0.0,Smooth,26.3,Drizzle,Drizzle,79.2,6.4,81.5,1011.8,4.0,58.5,Urban,68626,11,5.6995,4.1998,0.7651,18.513814285714286,73.84841428571428,Pune,,,,0.7574,WARNING,False
2026-01-21 20:05:46,74.4,Safari Storme EX,36.0,925.34,6.1,41.3,61.26311836734694,13.842857142857117,14.11365306122449,0.7434,0,0,0.0,1.598,0.0,Smooth,26.3,Drizzle,Drizzle,79.2,6.4,81.5,1011.8,4.0,58.5,Urban,68626,11,5.6995,4.1998,0.7651,18.516067346938776,73.84672448979592,Pune,,,,0.7574,WARNING,False
2026-01-21 20:05:48,76.8,Safari Storme EX,36.4,886.99,6.4,41.3,61.63715102040816,22.58571428571427,14.116591836734694,0.7434,0,0,0.0,1.477,0.0,Smooth,26.3,Drizzle,Drizzle,79.2,6.4,81.5,1011.8,4.0,58.5,Urban,68626,11,5.6995,4.1998,0.7651,18.518320408163266,73.84503469387755,Pune,,,,0.7574,WARNING,False
2026-01-21 20:05:51,79.2,Safari Storme EX,37.6,944.54,5.1,41.3,62.01118367346939,31.328571428571426,14.119530612244898,0.7434,0,0,0.0,0.579,0.0,Smooth,26.3,Drizzle,Drizzle,79.2,6.4,81.5,1011.8,4.0,58.5,Urban,68626,11,5.6995,4.1998,0.7651,18.520573469387756,73.84334489795918,Pune,,,,0.7574,WARNING,False
2026-01-21 20:05:53,81.6,Safari Storme EX,36.7,879.04,8.0,42.5,60.95903750000001,35.925,14.116,0.7323,0,0,0.0,1.117,0.0,Smooth,26.3,Drizzle,Drizzle,79.2,6.4,81.5,1011.8,4.0,58.5,Urban,68626,11,5.6995,4.1997,0.7651,18.522074999999997,73.843,Pune,,,,0.7574,WARNING,False
2026-01-21 20:05:56,84.0,Safari Storme EX,37.6,1028.9,9.6,42.5,58.4807125,36.375,14.106,0.7323,0,0,0.0,1.77,0.0,Smooth,26.3,Drizzle,Drizzle,79.2,6.4,81.5,1011.8,4.0,58.5,Urban,68626,11,5.6995,4.1997,0.7651,18.522824999999997,73.84400000000001,Pune,,,,0.7574,WARNING,False
2026-01-21 20:05:58,86.4,Safari Storme EX,37.8,913.97,6.1,42.5,56.00238750000001,36.824999999999996,14.096,0.7323,0,0,0.0,1.77,0.0,Smooth,26.3,Drizzle,Drizzle,79.2,6.4,81.5,1011.8,4.0,58.5,Urban,68626,11,5.6995,4.1997,0.7651,18.523574999999997,73.845,Pune,,,,0.7574,WARNING,False
2026-01-21 20:06:00,88.8,Safari Storme EX,37.7,1044.45,7.7,42.5,53.52406250000001,37.275,14.086,0.7323,0,0,0.0,1.748,0.0,Smooth,26.3,Drizzle,Drizzle,79.2,6.4,81.5,1011.8,4.0,58.5,Urban,68626,11,5.6994,4.1997,0.7651,18.524324999999997,73.846,Pune,,,,0.7574,WARNING,False
2026-01-21 20:06:03,91.2,Safari Storme EX,38.6,842.74,9.8,42.7,53.80091495327103,38.228971962616825,14.092102803738317,0.7325,0,0,0.0,1.518,0.0,Smooth,26.3,Drizzle,Drizzle,79.2,6.4,81.5,1011.8,4.0,58.5,Urban,68626,11,5.6994,4.1997,0.7651,18.524419626168225,73.84655607476635,Pune,,,,0.7574,WARNING,False
2026-01-21 20:06:05,93.6,Safari Storme EX,38.9,868.27,10.2,42.7,56.832944859813075,39.68691588785046,14.114308411214953,0.7325,0,0,0.0,1.734,0.0,Smooth,26.3,Drizzle,Drizzle,79.2,6.4,81.5,1011.8,4.0,58.5,Urban,68626,11,5.6994,4.1997,0.7651,18.523858878504672,73.84666822429907,Pune,,,,0.7574,WARNING,False
2026-01-21 20:06:08,96.0,Safari Storme EX,38.8,894.27,10.6,42.7,59.86497476635514,41.14485981308411,14.136514018691589,0.7325,0,0,0.0,1.915,0.0,Smooth,26.3,Drizzle,Drizzle,79.2,6.4,81.5,1011.8,4.0,58.5,Urban,68626,11,5.6994,4.1997,0.7651,18.523298130841123,73.84678037383178,Pune,,,,0.7574,WARNING,False
2026-01-21 20:06:10,98.4,Safari Storme EX,39.7,917.34,8.1,42.7,62.89700467289718,42.60280373831775,14.158719626168224,0.7325,0,0,0.0,1.299,0.0,Smooth,26.3,Drizzle,Drizzle,79.2,6.4,81.5,1011.8,4.0,58.5,Urban,68626,11,5.6994,4.1997,0.7651,18.52273738317757,73.84689252336449,Pune,,,,0.7574,WARNING,False
2026-01-21 20:06:12,100.8,Safari Storme EX,40.0,895.83,9.4,47.9,65.746734375,43.54166666666669,14.180520833333333,0.7426,0,0,0.0,0.96,0.0,Smooth,26.3,Drizzle,Drizzle,79.2,6.4,81.5,1011.8,4.0,58.5,Urban,68626,11,5.6994,4.1997,0.7651,18.522267708333334,73.84710208333333,Pune,,,,0.7574,WARNING,False
2026-01-21 20:06:15,103.2,Safari Storme EX,39.7,1016.39,9.5,47.9,64.403559375,32.54166666666666,14.193020833333334,0.7426,0,0,0.0,0.956,0.0,Smooth,26.3,Drizzle,Drizzle,79.2,6.4,81.5,1011.8,4.0,58.5,Urban,68626,11,5.6994,4.1997,0.7651,18.523892708333335,73.84955208333334,Pune,,,,0.7574,WARNING,False
2026-01-21 20:06:17,105.6,Safari Storme EX,40.4,981.26,10.1,47.9,63.060384375000005,21.541666666666693,14.205520833333333,0.7426,0,0,0.0,0.94,0.0,Smooth,26.3,Drizzle,Drizzle,79.2,6.4,81.5,1011.8,4.0,58.5,Urban,68626,11,5.6993,4.1997,0.7651,18.525517708333336,73.85200208333333,Pune,,,,0.7574,WARNING,False
2026-01-21 20:06:20,108.0,Safari Storme EX,39.6,868.02,9.4,47.9,61.717209374999996,10.541666666666664,14.218020833333334,0.7426,0,0,0.0,0.731,0.0,Smooth,26.3,Drizzle,Drizzle,79.2,6.4,81.5,1011.8,4.0,58.5,Urban,68626,11,5.6993,4.1997,0.7651,18.527142708333333,73.85445208333334,Pune,,,,0.7574,WARNING,False
2026-01-21 20:06:22,110.4,Safari Storme EX,41.0,895.38,11.9,44.5,60.444202884615386,0.34423076923074947,14.229278846153846,0.7523,0,0,0.0,1.069,0.0,Smooth,26.3,Drizzle,Drizzle,79.2,6.4,81.5,1011.8,4.0,58.5,Urban,68626,11,5.6993,4.1997,0.7651,18.528570192307694,73.85671826923078,Pune,,,,0.7574,WARNING,False
2026-01-21 20:06:24,112.8,Safari Storme EX,41.5,930.41,7.7,44.5,60.785072115384615,8.605769230769226,14.211971153846154,0.7523,0,0,0.0,1.511,0.0,Smooth,26.3,Drizzle,Drizzle,79.2,6.4,81.5,1011.8,4.0,58.5,Urban,68626,11,5.6993,4.1996,0.7651,18.52545480769231,73.85475673076924,Pune,,,,0.7574,WARNING,False
2026-01-21 20:06:27,115.2,Safari Storme EX,41.5,970.52,9.9,44.5,61.125941346153844,16.86730769230765,14.194663461538461,0.7523,0,0,0.0,1.507,0.0,Smooth,26.3,Drizzle,Drizzle,79.2,6.4,81.5,1011.8,4.0,58.5,Urban,68626,11,5.6993,4.1996,0.7651,18.522339423076925,73.8527951923077,Pune,,,,0.7574,WARNING,False
2026-01-21 20:06:29,117.6,Safari Storme EX,41.2,880.13,8.7,44.5,61.46681057692307,25.12884615384613,14.177355769230768,0.7523,0,0,0.0,1.566,0.0,Smooth,26.3,Drizzle,Drizzle,79.2,6.4,81.5,1011.8,4.0,58.5,Urban,68626,11,5.6993,4.1996,0.7651,18.519224038461537,73.85083365384615,Pune,,,,0.7574,WARNING,False
2026-01-21 20:06:32,120.0,Safari Storme EX,41.9,1006.64,14.2,44.5,61.80767980769231,33.390384615384605,14.160048076923076,0.7523,0,0,0.0,2.602,0.0,Smooth,26.3,Drizzle,Drizzle,79.2,6.4,81.5,1011.8,4.0,58.5,Urban,68626,11,5.6992,4.1996,0.7651,18.516108653846153,73.84887211538461,Pune,,,,0.7574,WARNING,False
2026-01-21 20:06:34,122.4,Safari Storme EX,41.9,969.58,11.4,43.1,61.25500103092784,29.52577319587633,14.159381443298969,0.7346,0,0,0.0,2.543,0.0,Smooth,26.3,Drizzle,Drizzle,79.2,6.4,81.5,1011.8,4.0,58.5,Urban,68626,11,5.6992,4.1996,0.7651,18.515743298969074,73.84907113402062,Pune,,,,0.7574,WARNING,False
2026-01-21 20:06:36,124.8,Safari Storme EX,43.1,849.8,12.7,43.1,60.33439072164949,20.668041237113428,14.165567010309278,0.7346,0,0,0.0,2.183,0.0,Smooth,26.3,Drizzle,Drizzle,79.2,6.4,81.5,1011.8,4.0,58.5,Urban,68626,11,5.6992,4.1996,0.7651,18.51651030927835,73.85015979381443,Pune,,,,0.7574,WARNING,False
2026-01-21 20:06:39,127.2,Safari Storme EX,42.7,1035.56,13.4,43.1,59.41378041237114,11.810309278350577,14.171752577319587,0.7346,0,0,0.0,2.151,0.0,Smooth,26.3,Drizzle,Drizzle,79.2,6.4,81.5,1011.8,4.0,58.5,Urban,68626,11,5.6992,4.1996,0.7651,18.517277319587627,73.85124845360825,Pune,,,,0.7574,WARNING,False
2026-01-21 20:06:41,129.6,Safari Storme EX,42.2,1006.37,13.4,43.1,58.493170103092794,2.952577319587668,14.177938144329897,0.7346,0,0,0.0,1.05,0.0,Smooth,26.3,Drizzle,Drizzle,79.2,6.4,81.5,1011.8,4.0,58.5,Urban,68626,11,5.6992,4.1996,0.7651,18.518044329896906,73.85233711340206,Pune,,,,0.7574,WARNING,False
2026-01-21 20:06:44,132.0,Safari Storme EX,43.4,980.28,12.6,45.6,61.137947999999994,7.423999999999973,14.18224,0.7433,0,0,0.0,0.819,0.0,Smooth,26.3,Drizzle,Drizzle,79.2,6.4,81.5,1011.8,4.0,58.5,Urban,68626,11,5.6992,4.1996,0.7651,18.519772,73.851052,Pune,,,,0.7574,WARNING,False
2026-01-21 20:06:46,134.4,Safari Storme EX,44.1,1398.21,15.3,45.6,65.56542,18.56,14.1856,0.7433,0,0,0.0,1.085,0.0,Smooth,26.3,Drizzle,Drizzle,79.2,6.4,81.5,1011.8,4.0,58.5,Urban,68626,11,5.6992,4.1996,0.7651,18.52198,73.84858,Pune,,,,0.7574,WARNING,False
2026-01-21 20:06:48,136.8,Safari Storme EX,43.3,1305.74,15.9,45.6,69.99289199999996,29.69599999999989,14.18896,0.7433,0,0,0.0,1.406,0.0,Smooth,26.3,Drizzle,Drizzle,79.2,6.4,81.5,1011.8,4.0,58.5,Urban,68626,11,5.6991,4.1996,0.7651,18.524188,73.846108,Pune,,,,0.7574,WARNING,False
2026-01-21 20:06:51,139.2,Safari Storme EX,43.7,1439.37,15.2,45.6,74.42036399999998,40.831999999999915,14.19232,0.7433,0,0,0.0,1.406,0.0,Aggressive,26.3,Drizzle,Drizzle,79.2,6.4,81.5,1011.8,4.0,58.5,Urban,68626,11,5.6991,4.1996,0.7651,18.526396,73.843636,Pune,,,,0.7574,WARNING,False
2026-01-21 20:06:53,141.6,Safari Storme EX,44.3,905.5,1.2,43.3,75.03237058823531,40.94117647058828,14.193882352941177,0.7339,0,0,1.0,6.191,0.0,Stop-and-Go,26.3,Drizzle,Drizzle,79.2,6.4,81.5,1011.8,4.0,58.5,Urban,68626,11,5.6991,4.1996,0.7651,18.527017647058823,73.84184705882353,Pune,,,,0.7574,WARNING,False
2026-01-21 20:06:56,144.0,Safari Storme EX,44.3,750.0,2.0,43.3,71.82891176470588,30.023529411764713,14.19364705882353,0.7339,0,0,0.0,7.605,0.0,Stop-and-Go,26.3,Drizzle,Drizzle,79.2,6.4,81.5,1011.8,4.0,58.5,Urban,68626,11,5.6991,4.1995,0.7651,18.52605294117647,73.84074117647059,Pune,,,,0.7574,WARNING,False
2026-01-21 20:06:58,146.4,Safari Storme EX,43.9,1106.21,8.0,43.3,68.62545294117646,19.105882352941144,14.193411764705882,0.7339,0,0,0.0,6.99,0.0,Smooth,26.3,Drizzle,Drizzle,79.2,6.4,81.5,1011.8,4.0,58.5,Urban,68626,11,5.6991,4.1995,0.7651,18.525088235294117,73.83963529411764,Pune,,,,0.7574,WARNING,False
2026-01-21 20:07:00,148.8,Safari Storme EX,44.2,995.55,7.5,43.3,65.42199411764707,8.188235294117703,14.193176470588234,0.7339,0,0,0.0,5.632,0.0,Smooth,26.3,Drizzle,Drizzle,79.2,6.4,81.5,1011.8,4.0,58.5,Urban,68626,11,5.6991,4.1995,0.7651,18.524123529411764,73.83852941176471,Pune,,,,0.7574,WARNING,False
2026-01-21 20:07:03,151.2,Safari Storme EX,44.6,851.96,9.9,44.9,63.24607999999999,2.447999999999977,14.1957,0.7459,0,0,0.0,3.876,0.0,Smooth,26.3,Drizzle,Drizzle,79.2,6.4,81.5,1011.8,4.0,58.5,Urban,68626,11,5.6991,4.1995,0.7651,18.523591999999997,73.838732,Pune,,,,0.7574,WARNING,False
2026-01-21 20:07:05,153.6,Safari Storme EX,46.2,835.34,0.5,44.9,64.1528,12.24,14.2065,0.7459,0,0,0.0,4.087,0.0,Stop-and-Go,26.3,Drizzle,Drizzle,79.2,6.4,81.5,1011.8,4.0,58.5,Urban,68626,11,5.699,4.1995,0.7651,18.524359999999998,73.84286,Pune,,,,0.7574,WARNING,False
2026-01-21 20:07:08,156.0,Safari Storme EX,45.2,886.29,2.3,44.9,65.05951999999999,22.032000000000025,14.2173,0.7459,0,0,0.0,4.023,0.0,Stop-and-Go,26.3,Drizzle,Drizzle,79.2,6.4,81.5,1011.8,4.0,58.5,Urban,68626,11,5.699,4.1995,0.7651,18.525128,73.846988,Pune,,,,0.7574,WARNING,False
2026-01-21 20:07:10,158.4,Safari Storme EX,46.2,846.12,0.0,44.9,65.96624,31.824000000000048,14.2281,0.7459,0,0,0.0,4.421,0.1,Stop-and-Go,26.3,Drizzle,Drizzle,79.2,6.4,81.5,1011.8,4.0,58.5,Urban,68626,11,5.699,4.1995,0.7651,18.525896,73.851116,Pune,,,,0.7574,WARNING,False
2026-01-21 20:07:12,160.8,Safari Storme EX,46.4,984.81,0.0,40.1,66.93829803921568,40.817647058823525,14.238137254901961,0.737,0,0,0.0,4.222,0.2,Stop-and-Go,26.3,Drizzle,Drizzle,79.2,6.4,81.5,1011.8,4.0,58.5,Urban,68626,11,5.699,4.1995,0.7651,18.52645882352941,73.85486274509805,Pune,,,,0.7574,WARNING,False
2026-01-21 20:07:15,163.2,Safari Storme EX,46.3,851.92,1.4,40.1,68.62907450980391,41.02941176470588,14.23978431372549,0.737,0,0,0.0,0.996,0.2,Stop-and-Go,26.3,Drizzle,Drizzle,79.2,6.4,81.5,1011.8,4.0,58.5,Urban,68626,11,5.699,4.1995,0.7651,18.52476470588235,73.8544156862745,Pune,,,,0.7574,WARNING,False
2026-01-21 20:07:17,165.6,Safari Storme EX,46.5,775.89,1.1,40.1,70.31985098039215,41.241176470588236,14.24143137254902,0.737,0,0,0.0,0.981,0.2,Stop-and-Go,26.3,Drizzle,Drizzle,79.2,6.4,81.5,1011.8,4.0,58.5,Urban,68626,11,5.699,4.1995,0.7651,18.523070588235292,73.85396862745098,Pune,,,,0.7574,WARNING,False
2026-01-21 20:07:20,168.0,Safari Storme EX,46.4,750.0,0.0,40.1,72.01062745098038,41.45294117647059,14.243078431372549,0.737,0,0,0.0,0.693,0.3,Stop-and-Go,26.3,Drizzle,Drizzle,79.2,6.4,81.5,1011.8,4.0,58.5,Urban,68626,11,5.6989,4.1995,0.7651,18.521376470588237,73.85352156862744,Pune,,,,0.7574,WARNING,False
2026-01-21 20:07:22,170.4,Safari Storme EX,47.2,877.81,0.7,40.1,73.70140392156863,41.66470588235294,14.244725490196078,0.737,0,0,0.0,0.635,0.3,Stop-and-Go,26.3,Drizzle,Drizzle,79.2,6.4,81.5,1011.8,4.0,58.5,Urban,68626,11,5.6989,4.1995,0.7651,18.519682352941178,73.85307450980392,Pune,,,,0.7574,WARNING,False
2026-01-21 20:07:24,172.8,Safari Storme EX,46.5,829.51,1.7,43.9,71.04698947368425,40.64736842105265,14.227315789473684,0.7339,0,0,0.0,0.661,0.3,Stop-and-Go,26.3,Drizzle,Drizzle,79.2,6.4,81.5,1011.8,4.0,58.5,Urban,68626,11,5.6989,4.1995,0.7651,18.519084210526316,73.85051578947368,Pune,,,,0.7574,WARNING,False
2026-01-21 20:07:27,175.2,Safari Storme EX,47.1,808.56,0.0,43.9,67.5235368421053,39.384210526315805,14.206094736842104,0.7339,0,0,0.0,0.731,0.4,Stop-and-Go,26.3,Drizzle,Drizzle,79.2,6.4,81.5,1011.8,4.0,58.5,Urban,68626,11,5.6989,4.1995,0.7651,18.518705263157894,73.8475347368421,Pune,,,,0.7574,WARNING,False
2026-01-21 20:07:29,177.6,Safari Storme EX,47.6,861.27,0.0,43.9,64.00008421052634,38.12105263157896,14.184873684210526,0.7339,0,0,0.0,0.746,0.5,Stop-and-Go,26.3,Drizzle,Drizzle,79.2,6.4,81.5,1011.8,4.0,58.5,Urban,68626,11,5.6989,4.1994,0.7651,18.518326315789473,73.84455368421052,Pune,,,,0.7574,WARNING,False
2026-01-21 20:07:32,180.0,Safari Storme EX,47.6,920.75,4.3,43.9,60.476631578947384,36.85789473684211,14.163652631578946,0.7339,0,0,0.0,1.795,0.5,Smooth,26.3,Drizzle,Drizzle,79.2,6.4,81.5,1011.8,4.0,58.5,Urban,68626,11,5.6989,4.1994,0.7651,18.517947368421055,73.84157263157894,Pune,,,,0.7574,WARNING,False
2026-01-21 20:07:34,182.4,Safari Storme EX,48.4,861.98,7.7,43.1,64.10522735849057,39.116981132075466,14.168132075471698,0.7193,0,0,0.0,3.284,0.4,Smooth,26.3,Drizzle,Drizzle,79.2,6.4,81.5,1011.8,4.0,58.5,Urban,68626,11,5.6989,4.1994,0.7651,18.517464150943397,73.84371603773585,Pune,,,,0.7574,WARNING,False
2026-01-21 20:07:36,184.8,Safari Storme EX,48.2,825.69,9.8,43.1,68.75554433962259,41.87924528301884,14.176283018867924,0.7193,0,0,0.0,4.438,0.3,Smooth,26.3,Drizzle,Drizzle,79.2,6.4,81.5,1011.8,4.0,58.5,Urban,68626,11,5.6988,4.1994,0.7651,18.51696603773585,73.84659150943396,Pune,,,,0.7574,WARNING,False
2026-01-21 20:07:39,187.2,Safari Storme EX,48.8,843.42,10.7,43.1,73.40586132075468,44.64150943396224,14.18443396226415,0.7193,0,0,0.0,4.389,0.3,Aggressive,26.3,Drizzle,Drizzle,79.2,6.4,81.5,1011.8,4.0,58.5,Urban,68626,11,5.6988,4.1994,0.7651,18.516467924528303,73.84946698113207,Pune,,,,0.7574,WARNING,False
2026-01-21 20:07:41,189.6,Safari Storme EX,48.3,911.22,12.5,43.1,78.05617830188677,47.40377358490564,14.192584905660377,0.7193,0,0,0.0,3.145,0.3,Aggressive,26.3,Drizzle,Drizzle,79.2,6.4,81.5,1011.8,4.0,58.5,Urban,68626,11,5.6988,4.1994,0.7651,18.515969811320755,73.85234245283019,Pune,,,,0.7574,WARNING,False
2026-01-21 20:07:44,192.0,Safari Storme EX,50.0,1337.35,17.7,44.4,80.79609897959185,49.528571428571425,14.186785714285714,0.7383,0,0,0.0,3.783,0.2,Aggressive,26.3,Drizzle,Drizzle,79.2,6.4,81.5,1011.8,4.0,58.5,Urban,68626,11,5.6988,4.1994,0.7652,18.516474489795918,73.85367551020408,Pune,,,,0.7577,WARNING,False
2026-01-21 20:07:46,194.4,Safari Storme EX,49.4,1607.83,26.5,44.4,81.27827857142857,50.900000000000006,14.164499999999999,0.7383,0,0,0.0,6.898,0.2,Aggressive,26.3,Drizzle,Drizzle,79.2,6.4,81.5,1011.8,4.0,58.5,Urban,68626,11,5.6988,4.1994,0.7652,18.518164285714285,73.85318571428571,Pune,,,,0.7577,WARNING,False
2026-01-21 20:07:48,196.8,Safari Storme EX,50.3,1532.58,34.6,44.4,81.7604581632653,52.271428571428565,14.142214285714285,0.7383,0,0,0.0,10.033,0.2,Aggressive,26.3,Drizzle,Drizzle,79.2,6.4,81.5,1011.8,4.0,58.5,Urban,68626,11,5.6988,4.1994,0.7652,18.51985408163265,73.85269591836735,Pune,,,,0.7577,WARNING,False
2026-01-21 20:07:51,199.2,Safari Storme EX,49.4,1482.03,22.8,44.4,82.24263775510204,53.64285714285714,14.119928571428572,0.7383,0,0,0.0,8.441,0.1,Aggressive,26.3,Drizzle,Drizzle,79.2,6.4,81.5,1011.8,4.0,58.5,Urban,68626,11,5.6988,4.1994,0.7652,18.52154387755102,73.85220612244898,Pune,,,,0.7577,WARNING,False
2026-01-21 20:07:53,201.6,Safari Storme EX,49.5,1607.63,22.3,40.8,81.39316249999999,49.39062499999998,14.11340625,0.7246,0,0,0.0,6.316,0.0,Aggressive,26.3,Drizzle,Drizzle,79.2,6.4,81.5,1011.8,4.0,58.5,Urban,68626,11,5.6987,4.1994,0.7652,18.522403125,73.851496875,Pune,,,,0.7577,WARNING,False
2026-01-21 20:07:56,204.0,Safari Storme EX,50.4,1781.64,22.8,40.8,78.32426249999999,35.76562499999998,14.13315625,0.7246,0,0,0.0,5.2,0.0,Aggressive,26.3,Drizzle,Drizzle,79.2,6.4,81.5,1011.8,4.0,58.5,Urban,68626,11,5.6987,4.1994,0.7652,18.521878125,73.850421875,Pune,,,,0.7577,WARNING,False
2026-01-21 20:07:58,206.4,Safari Storme EX,50.7,1433.92,20.5,40.8,75.25536249999999,22.14062499999998,14.152906250000001,0.7246,0,0,0.0,5.67,0.0,Aggressive,26.3,Drizzle,Drizzle,79.2,6.4,81.5,1011.8,4.0,58.5,Urban,68626,11,5.6987,4.1994,0.7652,18.521353125,73.849346875,Pune,,,,0.7577,WARNING,False
2026-01-21 20:08:00,208.8,Safari Storme EX,50.7,1530.75,21.2,40.8,72.18646250000003,8.515625000000142,14.172656250000001,0.7246,0,0,0.0,1.028,0.0,Aggressive,26.3,Drizzle,Drizzle,79.2,6.4,81.5,1011.8,4.0,58.5,Urban,68626,11,5.6987,4.1993,0.7652,18.520828124999998,73.848271875,Pune,,,,0.7577,WARNING,False
2026-01-21 20:08:03,211.2,Safari Storme EX,51.2,1483.67,20.8,47.2,70.02387551020409,0.0,14.181142857142857,0.735,0,0,0.0,0.988,0.0,Aggressive,26.3,Drizzle,Drizzle,79.2,6.4,81.5,1011.8,4.0,58.5,Urban,68626,11,5.6987,4.1993,0.7652,18.520518367346938,73.84827040816326,Pune,,,,0.7577,WARNING,False
2026-01-21 20:08:05,213.6,Safari Storme EX,51.1,1432.07,21.8,47.2,69.37181020408164,0.0,14.170857142857143,0.735,0,0,0.0,0.912,0.0,Smooth,26.3,Drizzle,Drizzle,79.2,6.4,81.5,1011.8,4.0,58.5,Urban,68626,11,5.6987,4.1993,0.7652,18.520567346938776,73.8500581632653,Pune,,,,0.7577,WARNING,False
2026-01-21 20:08:08,216.0,Safari Storme EX,50.6,1496.08,21.5,47.2,68.71974489795919,0.0,14.16057142857143,0.735,0,0,0.0,0.522,0.0,Smooth,26.3,Drizzle,Drizzle,79.2,6.4,81.5,1011.8,4.0,58.5,Urban,68626,11,5.6986,4.1993,0.7652,18.52061632653061,73.85184591836735,Pune,,,,0.7577,WARNING,False
2026-01-21 20:08:10,218.4,Safari Storme EX,51.7,1612.05,23.6,47.2,68.06767959183674,0.0,14.150285714285715,0.735,0,0,0.0,1.083,0.0,Smooth,26.3,Drizzle,Drizzle,79.2,6.4,81.5,1011.8,4.0,58.5,Urban,68626,11,5.6986,4.1993,0.7652,18.52066530612245,73.85363367346939,Pune,,,,0.7577,WARNING,False
2026-01-21 20:08:12,220.8,Safari Storme EX,51.9,1531.9,25.9,46.3,68.09169423076922,2.665384615384571,14.146298076923078,0.7381,0,0,0.0,2.056,0.0,Smooth,26.3,Drizzle,Drizzle,79.2,6.4,81.5,1011.8,4.0,58.5,Urban,68626,11,5.6986,4.1993,0.7652,18.52032980769231,73.85430096153846,Pune,,,,0.7577,WARNING,False
2026-01-21 20:08:15,223.2,Safari Storme EX,52.2,1648.25,28.7,46.3,69.7576173076923,11.803846153846125,14.15760576923077,0.7381,0,0,0.0,3.021,0.0,Smooth,26.3,Drizzle,Drizzle,79.2,6.4,81.5,1011.8,4.0,58.5,Urban,68626,11,5.6986,4.1993,0.7652,18.519060576923078,73.85224711538461,Pune,,,,0.7577,WARNING,False
2026-01-21 20:08:17,225.6,Safari Storme EX,52.1,1420.11,25.1,46.3,71.42354038461538,20.942307692307683,14.168913461538462,0.7381,0,0,0.0,2.679,0.0,Aggressive,26.3,Drizzle,Drizzle,79.2,6.4,81.5,1011.8,4.0,58.5,Urban,68626,11,5.6986,4.1993,0.7652,18.517791346153846,73.85019326923077,Pune,,,,0.7577,WARNING,False
2026-01-21 20:08:20,228.0,Safari Storme EX,51.6,1554.35,23.4,46.3,73.08946346153846,30.08076923076924,14.180221153846155,0.7381,0,0,0.0,2.148,0.0,Aggressive,26.3,Drizzle,Drizzle,79.2,6.4,81.5,1011.8,4.0,58.5,Urban,68626,11,5.6986,4.1993,0.7652,18.516522115384618,73.84813942307693,Pune,,,,0.7577,WARNING,False
2026-01-21 20:08:22,230.4,Safari Storme EX,52.5,1612.18,23.9,46.3,74.75538653846152,39.219230769230684,14.191528846153846,0.7381,0,0,0.0,2.09,0.0,Aggressive,26.3,Drizzle,Drizzle,79.2,6.4,81.5,1011.8,4.0,58.5,Urban,68626,11,5.6986,4.1993,0.7652,18.515252884615386,73.84608557692309,Pune,,,,0.7577,WARNING,False
2026-01-21 20:08:24,232.8,Safari Storme EX,52.5,1433.89,21.9,46.7,77.8401227722772,42.74257425742572,14.169,0.7514,0,0,0.0,2.563,0.0,Aggressive,26.3,Drizzle,Drizzle,79.2,6.4,81.5,1011.8,4.0,58.5,Urban,68626,11,5.6985,4.1993,0.7652,18.51699900990099,73.84545346534654,Pune,,,,0.7577,WARNING,False
2026-01-21 20:08:27,235.2,Safari Storme EX,53.2,1511.97,23.8,46.7,80.98654653465346,46.02178217821781,14.145,0.7514,0,0,0.0,1.152,0.0,Aggressive,26.3,Drizzle,Drizzle,79.2,6.4,81.5,1011.8,4.0,58.5,Urban,68626,11,5.6985,4.1993,0.7652,18.51887623762376,73.84488316831683,Pune,,,,0.7577,WARNING,False
2026-01-21 20:08:29,237.6,Safari Storme EX,53.0,1531.42,23.8,46.7,84.1329702970297,49.300990099009894,14.121,0.7514,0,0,0.0,0.838,0.0,Aggressive,26.3,Drizzle,Drizzle,79.2,6.4,81.5,1011.8,4.0,58.5,Urban,68626,11,5.6985,4.1993,0.7652,18.520753465346534,73.84431287128713,Pune,,,,0.7577,WARNING,False
2026-01-21 20:08:32,240.0,Safari Storme EX,53.9,1450.17,19.6,46.7,87.27939405940594,52.58019801980198,14.097,0.7514,0,0,0.0,1.875,0.0,Aggressive,26.3,Drizzle,Drizzle,79.2,6.4,81.5,1011.8,4.0,58.5,Urban,68626,11,5.6985,4.1992,0.7652,18.522630693069306,73.84374257425742,Pune,,,,0.7577,WARNING,False
2026-01-21 20:08:34,242.4,Safari Storme EX,53.8,1427.61,21.0,44.7,86.24672200000002,51.85200000000001,14.1045,0.7296,0,0,0.0,1.82,0.0,Aggressive,26.3,Drizzle,Drizzle,79.2,6.4,81.5,1011.8,4.0,58.5,Urban,68626,11,5.6985,4.1992,0.7652,18.522506,73.84289799999999,Pune,,,,0.7577,WARNING,False
2026-01-21 20:08:36,244.8,Safari Storme EX,53.5,1621.7,21.4,44.7,83.82101800000001,49.78800000000001,14.1225,0.7296,0,0,0.0,1.842,0.0,Aggressive,26.3,Drizzle,Drizzle,79.2,6.4,81.5,1011.8,4.0,58.5,Urban,68627,11,5.6985,4.1992,0.7652,18.521714,73.841962,Pune,,,,0.7577,WARNING,False
2026-01-21 20:08:39,247.2,Safari Storme EX,54.4,1501.0,25.6,44.7,81.39531400000001,47.724000000000004,14.1405,0.7296,0,0,0.0,2.394,0.0,Aggressive,26.3,Drizzle,Drizzle,79.2,6.4,81.5,1011.8,4.0,58.5,Urban,68627,11,5.6985,4.1992,0.7652,18.520922,73.841026,Pune,,,,0.7577,WARNING,False
2026-01-21 20:08:41,249.6,Safari Storme EX,54.2,1633.29,29.9,44.7,78.96961,45.66,14.1585,0.7296,0,0,0.0,4.22,0.0,Aggressive,26.3,Drizzle,Drizzle,79.2,6.4,81.5,1011.8,4.0,58.5,Urban,68627,11,5.6984,4.1992,0.7652,18.52013,73.84008999999999,Pune,,,,0.7577,WARNING,False
2026-01-21 20:08:44,252.0,Safari Storme EX,54.6,1563.92,28.0,40.5,78.15080103092784,46.026804123711344,14.164989690721649,0.7511,0,0,0.0,3.942,0.0,Aggressive,26.3,Drizzle,Drizzle,79.2,6.4,81.5,1011.8,4.0,58.5,Urban,68627,11,5.6984,4.1992,0.7652,18.5198,73.84047938144329,Pune,,,,0.7577,WARNING,False
2026-01-21 20:08:46,254.4,Safari Storme EX,54.5,1601.97,27.9,40.5,78.47977422680412,48.12989690721647,14.163257731958764,0.7511,0,0,0.0,3.262,0.0,Aggressive,26.3,Drizzle,Drizzle,79.2,6.4,81.5,1011.8,4.0,58.5,Urban,68627,11,5.6984,4.1992,0.7652,18.5198,73.84181546391753,Pune,,,,0.7577,WARNING,False
2026-01-21 20:08:48,256.8,Safari Storme EX,54.1,1708.59,30.6,40.5,78.80874742268041,50.23298969072165,14.161525773195876,0.7511,0,0,0.0,1.958,0.0,Aggressive,26.3,Drizzle,Drizzle,79.2,6.4,81.5,1011.8,4.0,58.5,Urban,68627,11,5.6984,4.1992,0.7652,18.5198,73.84315154639175,Pune,,,,0.7577,WARNING,False
2026-01-21 20:08:51,259.2,Safari Storme EX,55.8,1595.7,29.2,40.5,79.1377206185567,52.336082474226785,14.159793814432991,0.7511,0,0,0.0,1.178,0.0,Aggressive,26.3,Drizzle,Drizzle,79.2,6.4,81.5,1011.8,4.0,58.5,Urban,68627,11,5.6984,4.1992,0.7652,18.5198,73.84448762886598,Pune,,,,0.7577,WARNING,False
2026-01-21 20:08:53,261.6,Safari Storme EX,55.4,1506.85,31.0,47.9,79.37352735849056,53.22641509433962,14.165377358490566,0.7338,0,0,0.0,1.435,0.0,Aggressive,26.3,Drizzle,Drizzle,79.2,6.4,81.5,1011.8,4.0,58.5,Urban,68627,11,5.6984,4.1992,0.7652,18.51915,73.84621603773586,Pune,,,,0.7577,WARNING,False
2026-01-21 20:08:56,264.0,Safari Storme EX,55.9,1561.91,27.9,47.9,79.53050094339623,53.09056603773585,14.177150943396226,0.7338,0,0,0.0,1.458,0.0,Aggressive,26.3,Drizzle,Drizzle,79.2,6.4,81.5,1011.8,4.0,58.5,Urban,68627,11,5.6983,4.1992,0.7652,18.51795,73.84827641509435,Pune,,,,0.7577,WARNING,False
2026-01-21 20:08:58,266.4,Safari Storme EX,55.9,1640.3,27.5,47.9,79.68747452830189,52.95471698113208,14.188924528301888,0.7338,0,0,0.0,1.563,0.0,Aggressive,26.3,Drizzle,Drizzle,79.2,6.4,81.5,1011.8,4.0,58.5,Urban,68627,11,5.6983,4.1992,0.7652,18.516750000000002,73.85033679245284,Pune,,,,0.7577,WARNING,False
2026-01-21 20:09:00,268.8,Safari Storme EX,55.5,1522.34,29.3,47.9,79.84444811320755,52.818867924528305,14.200698113207547,0.7338,0,0,0.0,1.377,0.0,Aggressive,26.3,Drizzle,Drizzle,79.2,6.4,81.5,1011.8,4.0,58.5,Urban,68627,11,5.6983,4.1992,0.7652,18.51555,73.85239716981133,Pune,,,,0.7577,WARNING,False
2026-01-21 20:09:03,271.2,Safari Storme EX,55.7,1648.33,26.9,40.7,80.23175869565219,52.696739130434786,14.209597826086958,0.7357,0,0,0.0,1.644,0.0,Aggressive,26.3,Drizzle,Drizzle,79.2,6.4,81.5,1011.8,4.0,58.5,Urban,68627,11,5.6983,4.1991,0.7652,18.514659782608696,73.85405652173914,Pune,,,,0.7577,WARNING,False
2026-01-21 20:09:05,273.6,Safari Storme EX,56.7,1596.17,26.8,40.7,82.23142826086955,52.67065217391305,14.198380434782608,0.7357,0,0,0.0,1.011,0.0,Aggressive,26.3,Drizzle,Drizzle,79.2,6.4,81.5,1011.8,4.0,58.5,Urban,68627,11,5.6983,4.1991,0.7652,18.51593804347826,73.85290869565218,Pune,,,,0.7577,WARNING,False
2026-01-21 20:09:08,276.0,Safari Storme EX,56.0,1743.6,28.0,40.7,84.23109782608695,52.6445652173913,14.187163043478261,0.7357,0,0,0.0,1.017,0.0,Aggressive,26.3,Drizzle,Drizzle,79.2,6.4,81.5,1011.8,4.0,58.5,Urban,68627,11,5.6983,4.1991,0.7652,18.517216304347826,73.85176086956523,Pune,,,,0.7577,WARNING,False
2026-01-21 20:09:10,278.4,Safari Storme EX,57.0,1599.08,29.3,40.7,86.23076739130431,52.618478260869566,14.175945652173912,0.7357,0,0,0.0,1.226,0.0,Aggressive,26.3,Drizzle,Drizzle,79.2,6.4,81.5,1011.8,4.0,58.5,Urban,68627,11,5.6983,4.1991,0.7652,18.51849456521739,73.85061304347826,Pune,,,,0.7577,WARNING,False
2026-01-21 20:09:12,280.8,Safari Storme EX,56.7,1458.14,28.9,40.3,88.04402376237623,48.9544554455446,14.163772277227721,0.7581,0,0,0.0,1.134,0.0,Aggressive,26.3,Drizzle,Drizzle,79.2,6.4,81.5,1011.8,4.0,58.5,Urban,68627,11,5.6982,4.1991,0.7652,18.520169306930693,73.84998019801981,Pune,,,,0.7577,WARNING,False
2026-01-21 20:09:15,283.2,Safari Storme EX,57.0,1676.62,29.0,40.3,89.4045623762376,36.45544554455458,14.149277227722772,0.7581,0,0,0.0,1.017,0.0,Aggressive,26.3,Drizzle,Drizzle,79.2,6.4,81.5,1011.8,4.0,58.5,Urban,68627,11,5.6982,4.1991,0.7652,18.52280693069307,73.85059801980198,Pune,,,,0.7577,WARNING,False
2026-01-21 20:09:17,285.6,Safari Storme EX,57.1,1490.57,27.4,40.3,90.76510099009899,23.956435643564554,14.13478217821782,0.7581,0,0,0.0,0.792,0.0,Aggressive,26.3,Drizzle,Drizzle,79.2,6.4,81.5,1011.8,4.0,58.5,Urban,68627,11,5.6982,4.1991,0.7652,18.525444554455447,73.85121584158416,Pune,,,,0.7577,WARNING,False
2026-01-21 20:09:20,288.0,Safari Storme EX,57.2,1569.29,27.8,40.3,92.1256396039604,11.457425742574237,14.12028712871287,0.7581,0,0,0.0,0.829,0.0,Aggressive,26.3,Drizzle,Drizzle,79.2,6.4,81.5,1011.8,4.0,58.5,Urban,68627,11,5.6982,4.1991,0.7652,18.528082178217822,73.85183366336634,Pune,,,,0.7577,WARNING,False
2026-01-21 20:09:22,290.4,Safari Storme EX,57.6,1699.03,27.0,45.9,93.22154059405942,0.0,14.10828712871287,0.7444,0,0,0.0,0.896,0.0,Aggressive,26.3,Drizzle,Drizzle,79.2,6.4,81.5,1011.8,4.0,58.5,Urban,68627,11,5.6982,4.1991,0.7652,18.530339603960396,73.85242376237625,Pune,,,,0.7577,WARNING,False
2026-01-21 20:09:24,292.8,Safari Storme EX,57.8,1563.83,26.8,45.9,91.40642772277226,0.0,14.123732673267327,0.7444,0,0,0.0,0.872,0.0,Aggressive,26.3,Drizzle,Drizzle,79.2,6.4,81.5,1011.8,4.0,58.5,Urban,68627,11,5.6982,4.1991,0.7652,18.52841485148515,73.8527089108911,Pune,,,,0.7577,WARNING,False
2026-01-21 20:09:27,295.2,Safari Storme EX,58.1,1638.61,28.8,45.9,89.59131485148515,0.0,14.139178217821781,0.7444,0,0,0.0,0.792,0.0,Aggressive,26.3,Drizzle,Drizzle,79.2,6.4,81.5,1011.8,4.0,58.5,Urban,68627,11,5.6981,4.1991,0.7652,18.5264900990099,73.85299405940594,Pune,,,,0.7577,WARNING,False
2026-01-21 20:09:29,297.6,Safari Storme EX,57.9,1666.86,29.0,45.9,87.77620198019805,0.0,14.154623762376238,0.7444,0,0,0.0,1.006,0.0,Aggressive,26.3,Drizzle,Drizzle,79.2,6.4,81.5,1011.8,4.0,58.5,Urban,68627,11,5.6981,4.1991,0.7652,18.524565346534654,73.85327920792079,Pune,,,,0.7577,WARNING,False
2026-01-21 20:09:32,300.0,Safari Storme EX,58.7,1670.94,30.5,45.9,85.9610891089109,0.0,14.170069306930694,0.7444,0,0,0.0,1.537,0.0,Aggressive,26.3,Drizzle,Drizzle,79.2,6.4,81.5,1011.8,4.0,58.5,Urban,68627,11,5.6981,4.1991,0.7652,18.522640594059407,73.85356435643564,Pune,,,,0.7577,WARNING,False
2026-01-21 20:09:34,302.4,Safari Storme EX,59.2,1654.22,29.2,44.7,82.69039134615389,0.0,14.168971153846154,0.7382,0,0,0.0,1.33,0.0,Aggressive,26.3,Drizzle,Drizzle,79.2,6.4,81.5,1011.8,4.0,58.5,Urban,68627,11,5.6981,4.1991,0.7652,18.521228846153846,73.85180288461538,Pune,,,,0.7577,WARNING,False
2026-01-21 20:09:36,304.8,Safari Storme EX,58.8,1559.27,28.9,44.7,79.21175288461536,0.0,14.165509615384616,0.7382,0,0,0.0,0.698,0.0,Aggressive,26.3,Drizzle,Drizzle,79.2,6.4,81.5,1011.8,4.0,58.5,Urban,68627,11,5.6981,4.199,0.7652,18.519890384615387,73.84974903846154,Pune,,,,0.7577,WARNING,False
2026-01-21 20:09:39,307.2,Safari Storme EX,59.0,1560.42,28.9,44.7,75.73311442307693,0.0,14.162048076923076,0.7382,0,0,0.0,0.682,0.0,Aggressive,26.3,Drizzle,Drizzle,79.2,6.4,81.5,1011.8,4.0,58.5,Urban,68627,11,5.6981,4.199,0.7652,18.518551923076924,73.8476951923077,Pune,,,,0.7577,WARNING,False
2026-01-21 20:09:41,309.6,Safari Storme EX,58.8,1605.48,24.9,44.7,72.2544759615385,0.0,14.158586538461538,0.7382,0,0,0.0,2.108,0.0,Aggressive,26.3,Drizzle,Drizzle,79.2,6.4,81.5,1011.8,4.0,58.5,Urban,68627,11,5.6981,4.199,0.7652,18.51721346153846,73.84564134615385,Pune,,,,0.7577,WARNING,False
2026-01-21 20:09:44,312.0,Safari Storme EX,58.9,1655.37,27.1,45.8,73.12365360824745,6.955670103092852,14.160484536082475,0.7356,0,0,0.0,1.822,0.0,Aggressive,26.3,Drizzle,Drizzle,79.2,6.4,81.5,1011.8,4.0,58.5,Urban,68627,11,5.698,4.199,0.7652,18.516640206185567,73.8449144329897,Pune,,,,0.7577,WARNING,False
2026-01-21 20:09:46,314.4,Safari Storme EX,59.4,1601.67,26.4,45.8,77.67175257731958,19.796907216494805,14.166917525773195,0.7356,0,0,0.0,1.711,0.0,Aggressive,26.3,Drizzle,Drizzle,79.2,6.4,81.5,1011.8,4.0,58.5,Urban,68627,11,5.698,4.199,0.7652,18.51671443298969,73.84531030927835,Pune,,,,0.7577,WARNING,False
2026-01-21 20:09:48,316.8,Safari Storme EX,59.2,1624.39,30.5,45.8,82.21985154639181,32.63814432989707,14.173350515463918,0.7356,0,0,0.0,2.184,0.0,Aggressive,26.3,Drizzle,Drizzle,79.2,6.4,81.5,1011.8,4.0,58.5,Urban,68627,11,5.698,4.199,0.7652,18.516788659793814,73.84570618556701,Pune,,,,0.7577,WARNING,False
2026-01-21 20:09:51,319.2,Safari Storme EX,59.6,1646.76,29.1,45.8,86.76795051546394,45.47938144329902,14.179783505154639,0.7356,0,0,0.0,2.216,0.0,Aggressive,26.3,Drizzle,Drizzle,79.2,6.4,81.5,1011.8,4.0,58.5,Urban,68627,11,5.698,4.199,0.7653,18.516862886597938,73.84610206185567,Pune,,,,0.758,WARNING,False
2026-01-21 20:09:53,321.6,Safari Storme EX,59.4,1401.91,32.9,45.8,88.5010969072165,51.94948453608247,14.17941237113402,0.7367,0,0,0.0,2.629,0.0,Aggressive,26.3,Drizzle,Drizzle,79.2,6.4,81.5,1011.8,4.0,58.5,Urban,68627,11,5.698,4.199,0.7653,18.516974226804123,73.84737628865979,Pune,,,,0.758,WARNING,False
2026-01-21 20:09:56,324.0,Safari Storme EX,59.9,1528.17,33.6,45.8,87.41929072164949,52.04845360824742,14.172237113402062,0.7367,0,0,0.0,2.921,0.0,Aggressive,26.3,Drizzle,Drizzle,79.2,6.4,81.5,1011.8,4.0,58.5,Urban,68627,11,5.698,4.199,0.7653,18.51712268041237,73.84952886597938,Pune,,,,0.758,WARNING,False
2026-01-21 20:09:58,326.4,Safari Storme EX,59.7,1651.01,34.9,45.8,86.33748453608248,52.14742268041237,14.165061855670103,0.7367,0,0,0.0,2.358,0.0,Aggressive,26.3,Drizzle,Drizzle,79.2,6.4,81.5,1011.8,4.0,58.5,Urban,68627,11,5.698,4.199,0.7653,18.517271134020618,73.85168144329897,Pune,,,,0.758,WARNING,False
2026-01-21 20:10:00,328.8,Safari Storme EX,60.4,1593.87,36.5,45.8,85.25567835051547,52.24639175257732,14.157886597938145,0.7367,0,0,0.0,2.768,0.0,Aggressive,26.3,Drizzle,Drizzle,79.2,6.4,81.5,1011.8,4.0,58.5,Urban,68627,11,5.6979,4.199,0.7653,18.517419587628865,73.85383402061856,Pune,,,,0.758,WARNING,False
2026-01-21 20:10:03,331.2,Safari Storme EX,59.9,1578.65,36.2,45.5,83.677097029703,51.951485148514855,14.149861386138614,0.7172,0,0,0.0,1.574,0.0,Aggressive,26.3,Drizzle,Drizzle,79.2,6.4,81.5,1011.8,4.0,58.5,Urban,68627,11,5.6979,4.199,0.7653,18.516160396039602,73.85481485148516,Pune,,,,0.758,WARNING,False
2026-01-21 20:10:05,333.6,Safari Storme EX,61.3,1524.69,35.7,45.5,81.51141782178223,51.1910891089109,14.140831683168317,0.7172,0,0,0.0,1.165,0.0,Aggressive,26.3,Drizzle,Drizzle,79.2,6.4,81.5,1011.8,4.0,58.5,Urban,68627,11,5.6979,4.199,0.7653,18.513237623762375,73.85441089108912,Pune,,,,0.758,WARNING,False
2026-01-21 20:10:08,336.0,Safari Storme EX,61.4,1674.07,33.3,45.5,79.3457386138614,50.43069306930693,14.13180198019802,0.7172,0,0,0.0,1.281,0.0,Aggressive,26.3,Drizzle,Drizzle,79.2,6.4,81.5,1011.8,4.0,58.5,Urban,68627,11,5.6979,4.1989,0.7653,18.51031485148515,73.85400693069307,Pune,,,,0.758,WARNING,False
2026-01-21 20:10:10,338.4,Safari Storme EX,61.2,1511.87,32.7,45.5,77.18005940594061,49.67029702970298,14.122772277227723,0.7172,0,0,0.0,1.753,0.0,Aggressive,26.3,Drizzle,Drizzle,79.2,6.4,81.5,1011.8,4.0,58.5,Urban,68627,11,5.6979,4.1989,0.7653,18.507392079207918,73.85360297029703,Pune,,,,0.758,WARNING,False
2026-01-21 20:10:12,340.8,Safari Storme EX,61.1,1577.21,34.5,46.0,76.25209714285717,49.21428571428572,14.115771428571428,0.7379,0,0,0.0,1.501,0.0,Aggressive,26.3,Drizzle,Drizzle,79.2,6.4,81.5,1011.8,4.0,58.5,Urban,68627,11,5.6979,4.1989,0.7653,18.506262857142858,73.85314571428572,Pune,,,,0.758,WARNING,False
2026-01-21 20:10:15,343.2,Safari Storme EX,61.7,1575.03,33.1,46.0,79.03728571428572,49.67142857142857,14.114857142857142,0.7379,0,0,0.0,1.228,0.0,Aggressive,26.3,Drizzle,Drizzle,79.2,6.4,81.5,1011.8,4.0,58.5,Urban,68627,11,5.6978,4.1989,0.7653,18.510514285714287,73.85252857142858,Pune,,,,0.758,WARNING,False
2026-01-21 20:10:17,345.6,Safari Storme EX,61.5,1749.8,35.8,46.0,81.82247428571426,50.128571428571426,14.113942857142858,0.7379,0,0,0.0,1.266,0.0,Aggressive,26.3,Drizzle,Drizzle,79.2,6.4,81.5,1011.8,4.0,58.5,Urban,68627,11,5.6978,4.1989,0.7653,18.514765714285716,73.85191142857143,Pune,,,,0.758,WARNING,False
2026-01-21 20:10:20,348.0,Safari Storme EX,61.6,1667.95,34.5,46.0,84.60766285714287,50.58571428571429,14.113028571428572,0.7379,0,0,0.0,1.242,0.0,Aggressive,26.3,Drizzle,Drizzle,79.2,6.4,81.5,1011.8,4.0,58.5,Urban,68627,11,5.6978,4.1989,0.7653,18.519017142857145,73.85129428571429,Pune,,,,0.758,WARNING,False
2026-01-21 20:10:22,350.4,Safari Storme EX,61.2,1769.55,29.6,46.0,87.39285142857142,51.042857142857144,14.112114285714286,0.7379,0,0,0.0,2.38,0.0,Aggressive,26.3,Drizzle,Drizzle,79.2,6.4,81.5,1011.8,4.0,58.5,Urban,68627,11,5.6978,4.1989,0.7653,18.523268571428574,73.85067714285714,Pune,,,,0.758,WARNING,False
2026-01-21 20:10:24,352.8,Safari Storme EX,62.3,1491.42,30.4,45.9,89.32595876288661,40.03711340206172,14.113082474226804,0.7353,0,0,0.0,2.641,0.0,Aggressive,26.3,Drizzle,Drizzle,79.2,6.4,81.5,1011.8,4.0,58.5,Urban,68627,11,5.6978,4.1989,0.7653,18.52468762886598,73.85047010309279,Pune,,,,0.758,WARNING,False
2026-01-21 20:10:27,355.2,Safari Storme EX,61.4,1576.09,29.7,45.9,91.13734020618557,27.393814432989664,14.114319587628867,0.7353,0,0,0.0,2.928,0.0,Aggressive,26.3,Drizzle,Drizzle,79.2,6.4,81.5,1011.8,4.0,58.5,Urban,68627,11,5.6978,4.1989,0.7653,18.52570206185567,73.85032164948453,Pune,,,,0.758,WARNING,False
2026-01-21 20:10:29,357.6,Safari Storme EX,62.5,1694.41,30.5,45.9,92.94872164948453,14.750515463917601,14.115556701030929,0.7353,0,0,0.0,2.031,0.0,Aggressive,26.3,Drizzle,Drizzle,79.2,6.4,81.5,1011.8,4.0,58.5,Urban,68627,11,5.6978,4.1989,0.7653,18.52671649484536,73.85017319587628,Pune,,,,0.758,WARNING,False
2026-01-21 20:10:32,360.0,Safari Storme EX,62.3,1651.58,35.5,45.9,94.76010309278352,2.1072164948452468,14.11679381443299,0.7353,0,0,0.0,2.47,0.0,Aggressive,26.3,Drizzle,Drizzle,79.2,6.4,81.5,1011.8,4.0,58.5,Urban,68627,11,5.6977,4.1989,0.7653,18.52773092783505,73.85002474226803,Pune,,,,0.758,WARNING,False
2026-01-21 20:10:34,362.4,Safari Storme EX,63.5,1665.28,31.9,43.9,92.92218367346939,10.061224489795906,14.122510204081633,0.7376,0,0,0.0,2.322,0.0,Aggressive,26.3,Drizzle,Drizzle,79.2,6.4,81.5,1011.8,4.0,58.5,Urban,68627,11,5.6977,4.1989,0.7653,18.527695918367346,73.84981632653061,Pune,,,,0.758,WARNING,False
2026-01-21 20:10:36,364.8,Safari Storme EX,63.2,1750.52,30.7,43.9,90.35440408163262,22.134693877551165,14.129122448979592,0.7376,0,0,0.0,2.286,0.0,Aggressive,26.3,Drizzle,Drizzle,79.2,6.4,81.5,1011.8,4.0,58.5,Urban,68627,11,5.6977,4.1989,0.7653,18.52745102040816,73.84959591836734,Pune,,,,0.758,WARNING,False
2026-01-21 20:10:39,367.2,Safari Storme EX,63.3,1683.17,34.8,43.9,87.78662448979591,34.20816326530614,14.135734693877552,0.7376,0,0,0.0,2.331,0.0,Aggressive,26.3,Drizzle,Drizzle,79.2,6.4,81.5,1011.8,4.0,58.5,Urban,68627,11,5.6977,4.1988,0.7653,18.52720612244898,73.84937551020408,Pune,,,,0.758,WARNING,False
2026-01-21 20:10:41,369.6,Safari Storme EX,63.2,1542.83,28.9,43.9,85.2188448979592,46.28163265306111,14.14234693877551,0.7376,0,0,0.0,2.773,0.0,Aggressive,26.3,Drizzle,Drizzle,79.2,6.4,81.5,1011.8,4.0,58.5,Urban,68627,11,5.6977,4.1988,0.7653,18.526961224489796,73.84915510204083,Pune,,,,0.758,WARNING,False
2026-01-21 20:10:44,372.0,Safari Storme EX,63.1,1630.49,32.7,43.4,87.08426363636364,51.06363636363637,14.15909090909091,0.7359,0,0,0.0,2.205,0.0,Aggressive,26.3,Drizzle,Drizzle,79.2,6.4,81.5,1011.8,4.0,58.5,Urban,68627,11,5.6977,4.1988,0.7653,18.526227272727272,73.84970000000001,Pune,,,,0.758,WARNING,False
2026-01-21 20:10:46,374.4,Safari Storme EX,64.0,1735.64,30.4,43.4,90.42741515151512,53.415151515151486,14.179212121212121,0.7359,0,0,0.0,2.288,0.0,Aggressive,26.3,Drizzle,Drizzle,79.2,6.4,81.5,1011.8,4.0,58.5,Urban,68627,11,5.6977,4.1988,0.7653,18.525330303030305,73.85050000000001,Pune,,,,0.758,WARNING,False
2026-01-21 20:10:48,376.8,Safari Storme EX,64.0,1559.95,27.4,43.4,93.77056666666667,55.766666666666666,14.199333333333334,0.7359,0,0,0.0,2.955,0.0,Aggressive,26.3,Drizzle,Drizzle,79.2,6.4,81.5,1011.8,4.0,58.5,Urban,68627,11,5.6976,4.1988,0.7653,18.524433333333334,73.85130000000001,Pune,,,,0.758,WARNING,False
2026-01-21 20:10:51,379.2,Safari Storme EX,63.3,1543.7,27.0,43.4,97.11371818181814,58.11818181818179,14.219454545454546,0.7359,0,0,0.0,2.336,0.0,Aggressive,26.3,Drizzle,Drizzle,79.2,6.4,81.5,1011.8,4.0,58.5,Urban,68627,11,5.6976,4.1988,0.7653,18.523536363636364,73.85210000000001,Pune,,,,0.758,WARNING,False
2026-01-21 20:10:53,381.6,Safari Storme EX,63.7,1582.06,26.2,43.3,97.41694672897201,58.28504672897199,14.222233644859813,0.7445,0,0,0.0,2.725,0.0,Aggressive,26.3,Drizzle,Drizzle,79.2,6.4,81.5,1011.8,4.0,58.5,Urban,68627,11,5.6976,4.1988,0.7653,18.52249906542056,73.85340934579439,Pune,,,,0.758,WARNING,False
2026-01-21 20:10:56,384.0,Safari Storme EX,64.1,1645.62,28.4,43.3,95.89622149532713,57.14112149532711,14.214607476635514,0.7445,0,0,0.0,1.616,0.0,Aggressive,26.3,Drizzle,Drizzle,79.2,6.4,81.5,1011.8,4.0,58.5,Urban,68627,11,5.6976,4.1988,0.7653,18.521377570093456,73.85502429906542,Pune,,,,0.758,WARNING,False
2026-01-21 20:10:58,386.4,Safari Storme EX,63.9,1661.03,28.9,43.3,94.37549626168227,55.99719626168226,14.206981308411216,0.7445,0,0,0.0,1.083,0.0,Aggressive,26.3,Drizzle,Drizzle,79.2,6.4,81.5,1011.8,4.0,58.5,Urban,68627,11,5.6976,4.1988,0.7653,18.520256074766355,73.85663925233645,Pune,,,,0.758,WARNING,False
2026-01-21 20:11:00,388.8,Safari Storme EX,64.6,1678.07,25.1,43.3,92.85477102803739,54.85327102803738,14.199355140186915,0.7445,0,0,0.0,1.561,0.0,Aggressive,26.3,Drizzle,Drizzle,79.2,6.4,81.5,1011.8,4.0,58.5,Urban,68627,11,5.6976,4.1988,0.7653,18.519134579439253,73.85825420560748,Pune,,,,0.758,WARNING,False
2026-01-21 20:11:03,391.2,Safari Storme EX,64.0,1773.38,31.7,45.1,91.73162653061225,51.700000000000124,14.194061224489795,0.7274,0,0,0.0,2.564,0.0,Aggressive,26.3,Drizzle,Drizzle,79.2,6.4,81.5,1011.8,4.0,58.5,Urban,68627,11,5.6975,4.1988,0.7653,18.518669387755104,73.85918367346939,Pune,,,,0.758,WARNING,False
2026-01-21 20:11:05,393.6,Safari Storme EX,65.6,1533.18,26.4,45.1,92.5963857142857,38.50000000000027,14.20042857142857,0.7274,0,0,0.0,2.529,0.0,Aggressive,26.3,Drizzle,Drizzle,79.2,6.4,81.5,1011.8,4.0,58.5,Urban,68627,11,5.6975,4.1988,0.7653,18.521485714285713,73.85668571428572,Pune,,,,0.758,WARNING,False
2026-01-21 20:11:08,396.0,Safari Storme EX,65.1,1630.69,28.7,45.1,93.46114489795919,25.300000000000093,14.206795918367346,0.7274,0,0,0.0,2.541,0.0,Aggressive,26.3,Drizzle,Drizzle,79.2,6.4,81.5,1011.8,4.0,58.5,Urban,68627,11,5.6975,4.1988,0.7653,18.524302040816327,73.85418775510205,Pune,,,,0.758,WARNING,False
2026-01-21 20:11:10,398.4,Safari Storme EX,64.7,1584.99,30.0,45.1,94.32590408163264,12.100000000000236,14.213163265306122,0.7274,0,0,0.0,2.666,0.0,Aggressive,26.3,Drizzle,Drizzle,79.2,6.4,81.5,1011.8,4.0,58.5,Urban,68627,11,5.6975,4.1988,0.7653,18.527118367346937,73.85168979591838,Pune,,,,0.758,WARNING,False
2026-01-21 20:11:12,400.8,Safari Storme EX,64.9,1649.91,28.2,44.6,95.21247307692308,0.0,14.218807692307692,0.7338,0,0,0.0,1.986,0.0,Aggressive,26.3,Drizzle,Drizzle,79.2,6.4,81.5,1011.8,4.0,58.5,Urban,68627,11,5.6975,4.1987,0.7653,18.52962115384615,73.84936153846154,Pune,,,,0.758,WARNING,False
2026-01-21 20:11:15,403.2,Safari Storme EX,64.7,1731.93,29.9,44.6,96.33894999999998,0.0,14.2165,0.7338,0,0,0.0,1.471,0.0,Aggressive,26.3,Drizzle,Drizzle,79.2,6.4,81.5,1011.8,4.0,58.5,Urban,68628,11,5.6975,4.1987,0.7653,18.528675,73.8489,Pune,,,,0.758,WARNING,False
2026-01-21 20:11:17,405.6,Safari Storme EX,65.7,1542.85,32.7,44.6,97.4654269230769,0.0,14.214192307692308,0.7338,0,0,0.0,1.745,0.0,Aggressive,26.3,Drizzle,Drizzle,79.2,6.4,81.5,1011.8,4.0,58.5,Urban,68628,11,5.6975,4.1987,0.7653,18.527728846153845,73.84843846153846,Pune,,,,0.758,WARNING,False
2026-01-21 20:11:20,408.0,Safari Storme EX,65.2,1695.09,35.3,44.6,98.59190384615384,0.0,14.211884615384616,0.7338,0,0,0.0,2.792,0.0,Aggressive,26.3,Drizzle,Drizzle,79.2,6.4,81.5,1011.8,4.0,58.5,Urban,68628,11,5.6974,4.1987,0.7653,18.52678269230769,73.84797692307691,Pune,,,,0.758,WARNING,False
2026-01-21 20:11:22,410.4,Safari Storme EX,65.7,1606.95,34.1,44.6,99.71838076923076,0.0,14.209576923076924,0.7338,0,0,0.0,2.942,0.0,Aggressive,26.3,Drizzle,Drizzle,79.2,6.4,81.5,1011.8,4.0,58.5,Urban,68628,11,5.6974,4.1987,0.7653,18.52583653846154,73.84751538461538,Pune,,,,0.758,WARNING,False
2026-01-21 20:11:24,412.8,Safari Storme EX,65.2,1589.17,34.7,40.1,98.46458125,10.068750000000039,14.197375,0.7353,0,0,0.0,2.151,0.0,Aggressive,26.3,Drizzle,Drizzle,79.2,6.4,81.5,1011.8,4.0,58.5,Urban,68628,11,5.6974,4.1987,0.7653,18.5262375,73.84871249999999,Pune,,,,0.758,WARNING,False
2026-01-21 20:11:27,415.2,Safari Storme EX,65.6,1659.4,37.1,40.1,96.41735625000001,23.49374999999988,14.181875,0.7353,0,0,0.0,1.616,0.0,Aggressive,26.3,Drizzle,Drizzle,79.2,6.4,81.5,1011.8,4.0,58.5,Urban,68628,11,5.6974,4.1987,0.7653,18.5270875,73.85046249999999,Pune,,,,0.758,WARNING,False
2026-01-21 20:11:29,417.6,Safari Storme EX,66.2,1618.18,36.5,40.1,94.37013125000004,36.91874999999972,14.166375,0.7353,0,0,0.0,1.244,0.0,Aggressive,26.3,Drizzle,Drizzle,79.2,6.4,81.5,1011.8,4.0,58.5,Urban,68628,11,5.6974,4.1987,0.7653,18.5279375,73.8522125,Pune,,,,0.758,WARNING,False
2026-01-21 20:11:32,420.0,Safari Storme EX,65.6,1756.23,35.4,40.1,92.32290625000002,50.34374999999988,14.150875000000001,0.7353,0,0,0.0,1.24,0.0,Aggressive,26.3,Drizzle,Drizzle,79.2,6.4,81.5,1011.8,4.0,58.5,Urban,68628,11,5.6974,4.1987,0.7653,18.5287875,73.8539625,Pune,,,,0.758,WARNING,False
2026-01-21 20:11:34,422.4,Safari Storme EX,66.1,1627.45,33.2,45.6,91.55721262135923,53.08834951456312,14.144203883495146,0.7285,0,0,0.0,1.535,0.0,Aggressive,26.3,Drizzle,Drizzle,79.2,6.4,81.5,1011.8,4.0,58.5,Urban,68628,11,5.6974,4.1987,0.7653,18.528300970873786,73.85495922330097,Pune,,,,0.758,WARNING,False
2026-01-21 20:11:36,424.8,Safari Storme EX,66.5,1623.36,32.6,45.6,91.21869611650484,52.272815533980584,14.14047572815534,0.7285,0,0,0.0,1.988,0.0,Aggressive,26.3,Drizzle,Drizzle,79.2,6.4,81.5,1011.8,4.0,58.5,Urban,68628,11,5.6973,4.1987,0.7653,18.527368932038833,73.85570485436894,Pune,,,,0.758,WARNING,False
2026-01-21 20:11:39,427.2,Safari Storme EX,66.4,1659.22,28.5,45.6,90.88017961165049,51.45728155339806,14.136747572815533,0.7285,0,0,0.0,3.089,0.0,Aggressive,26.3,Drizzle,Drizzle,79.2,6.4,81.5,1011.8,4.0,58.5,Urban,68628,11,5.6973,4.1987,0.7653,18.526436893203883,73.8564504854369,Pune,,,,0.758,WARNING,False
2026-01-21 20:11:41,429.6,Safari Storme EX,66.9,1530.97,31.1,45.6,90.54166310679612,50.64174757281554,14.133019417475728,0.7285,0,0,0.0,2.564,0.0,Aggressive,26.3,Drizzle,Drizzle,79.2,6.4,81.5,1011.8,4.0,58.5,Urban,68628,11,5.6973,4.1987,0.7653,18.52550485436893,73.85719611650485,Pune,,,,0.758,WARNING,False
2026-01-21 20:11:44,432.0,Safari Storme EX,66.8,1632.63,28.5,41.2,89.91687113402061,50.41546391752578,14.137237113402062,0.7245,0,0,0.0,2.217,0.0,Aggressive,26.3,Drizzle,Drizzle,79.2,6.4,81.5,1011.8,4.0,58.5,Urban,68628,11,5.6973,4.1986,0.7653,18.525034020618556,73.85655670103093,Pune,,,,0.758,WARNING,False
2026-01-21 20:11:46,434.4,Safari Storme EX,66.7,1720.36,28.0,41.2,88.95375360824742,50.88556701030928,14.150845360824743,0.7245,0,0,0.0,2.008,0.0,Aggressive,26.3,Drizzle,Drizzle,79.2,6.4,81.5,1011.8,4.0,58.5,Urban,68628,11,5.6973,4.1986,0.7653,18.52510824742268,73.85428041237114,Pune,,,,0.758,WARNING,False
2026-01-21 20:11:48,436.8,Safari Storme EX,66.7,1523.25,27.6,41.2,87.99063608247423,51.355670103092784,14.164453608247422,0.7245,0,0,0.0,1.372,0.0,Aggressive,26.3,Drizzle,Drizzle,79.2,6.4,81.5,1011.8,4.0,58.5,Urban,68628,11,5.6973,4.1986,0.7653,18.525182474226803,73.85200412371134,Pune,,,,0.758,WARNING,False
2026-01-21 20:11:51,439.2,Safari Storme EX,66.3,1643.37,25.4,41.2,87.02751855670104,51.82577319587629,14.178061855670103,0.7245,0,0,0.0,2.044,0.0,Aggressive,26.3,Drizzle,Drizzle,79.2,6.4,81.5,1011.8,4.0,58.5,Urban,68628,11,5.6972,4.1986,0.7653,18.52525670103093,73.84972783505154,Pune,,,,0.758,WARNING,False
2026-01-21 20:11:53,441.6,Safari Storme EX,66.9,1566.53,28.5,41.9,87.02388947368418,52.61578947368418,14.188105263157894,0.726,0,0,0.0,1.286,0.0,Aggressive,26.3,Drizzle,Drizzle,79.2,6.4,81.5,1011.8,4.0,58.5,Urban,68628,11,5.6972,4.1986,0.7653,18.525278947368424,73.84866315789473,Pune,,,,0.758,WARNING,False
2026-01-21 20:11:56,444.0,Safari Storme EX,67.6,1645.04,27.7,41.9,88.3635442105263,53.8536842105263,14.193157894736842,0.726,0,0,0.0,1.193,0.0,Aggressive,26.3,Drizzle,Drizzle,79.2,6.4,81.5,1011.8,4.0,58.5,Urban,68628,11,5.6972,4.1986,0.7653,18.52522842105263,73.8492947368421,Pune,,,,0.758,WARNING,False
2026-01-21 20:11:58,446.4,Safari Storme EX,67.7,1379.79,23.8,41.9,89.70319894736839,55.0915789473684,14.198210526315789,0.726,0,0,0.0,1.943,0.0,Aggressive,26.3,Drizzle,Drizzle,79.2,6.4,81.5,1011.8,4.0,58.5,Urban,68628,11,5.6972,4.1986,0.7653,18.525177894736842,73.84992631578947,Pune,,,,0.758,WARNING,False
2026-01-21 20:12:00,448.8,Safari Storme EX,67.7,1528.33,26.2,41.9,91.04285368421053,56.32947368421052,14.203263157894737,0.726,0,0,0.0,1.862,0.0,Aggressive,26.3,Drizzle,Drizzle,79.2,6.4,81.5,1011.8,4.0,58.5,Urban,68628,11,5.6972,4.1986,0.7654,18.525127368421053,73.85055789473684,Pune,,,,0.7583,WARNING,False
2026-01-21 20:12:03,451.2,Safari Storme EX,68.3,1682.5,28.6,40.0,92.6391394230769,50.97115384615402,14.195846153846153,0.7473,0,0,0.0,2.011,0.0,Aggressive,26.3,Drizzle,Drizzle,79.2,6.4,81.5,1011.8,4.0,58.5,Urban,68628,11,5.6972,4.1986,0.7654,18.52340769230769,73.85023365384615,Pune,,,,0.7583,WARNING,False
2026-01-21 20:12:05,453.6,Safari Storme EX,69.3,1678.84,29.4,40.0,94.5387163461538,37.81730769230796,14.173692307692308,0.7473,0,0,0.0,2.213,0.0,Aggressive,26.3,Drizzle,Drizzle,79.2,6.4,81.5,1011.8,4.0,58.5,Urban,68628,11,5.6972,4.1986,0.7654,18.519715384615385,73.84877980769231,Pune,,,,0.7583,WARNING,False
2026-01-21 20:12:08,456.0,Safari Storme EX,68.7,782.77,0.1,40.0,96.43829326923077,24.663461538461597,14.151538461538461,0.7473,0,0,1.0,12.228,0.0,Stop-and-Go,26.3,Drizzle,Drizzle,79.2,6.4,81.5,1011.8,4.0,58.5,Urban,68628,11,5.6971,4.1986,0.7654,18.516023076923076,73.84732596153846,Pune,,,,0.7583,WARNING,False
2026-01-21 20:12:10,458.4,Safari Storme EX,68.5,931.23,3.8,40.0,98.33787019230768,11.509615384615536,14.129384615384614,0.7473,0,0,0.0,14.413,0.0,Aggressive,26.3,Drizzle,Drizzle,79.2,6.4,81.5,1011.8,4.0,58.5,Urban,68628,11,5.6971,4.1986,0.7654,18.51233076923077,73.84587211538461,Pune,,,,0.7583,WARNING,False
2026-01-21 20:12:12,460.8,Safari Storme EX,68.4,932.69,13.2,40.6,99.86633398058254,1.5349514563104454,14.109271844660194,0.7286,0,0,0.0,13.629,0.0,Aggressive,26.3,Drizzle,Drizzle,79.2,6.4,81.5,1011.8,4.0,58.5,Urban,68628,11,5.6971,4.1986,0.7654,18.509312621359225,73.84493786407766,Pune,,,,0.7583,WARNING,False
2026-01-21 20:12:15,463.2,Safari Storme EX,67.6,1394.33,21.8,40.6,98.79700582524272,13.814563106796044,14.103446601941748,0.7286,0,0,0.0,12.2,0.0,Aggressive,26.3,Drizzle,Drizzle,79.2,6.4,81.5,1011.8,4.0,58.5,Urban,68628,11,5.6971,4.1985,0.7654,18.51101359223301,73.84764077669902,Pune,,,,0.7583,WARNING,False
2026-01-21 20:12:17,465.6,Safari Storme EX,68.6,1549.39,27.4,40.6,97.72767766990293,26.09417475728135,14.097621359223302,0.7286,0,0,0.0,11.571,0.0,Aggressive,26.3,Drizzle,Drizzle,79.2,6.4,81.5,1011.8,4.0,58.5,Urban,68628,11,5.6971,4.1985,0.7654,18.512714563106798,73.85034368932038,Pune,,,,0.7583,WARNING,False
2026-01-21 20:12:20,468.0,Safari Storme EX,69.0,788.39,0.0,40.6,96.65834951456311,38.37378640776695,14.091796116504854,0.7286,0,0,1.0,11.599,0.1,Stop-and-Go,26.3,Drizzle,Drizzle,79.2,6.4,81.5,1011.8,4.0,58.5,Urban,68628,11,5.6971,4.1985,0.7654,18.514415533980582,73.85304660194174,Pune,,,,0.7583,WARNING,False
2026-01-21 20:12:22,470.4,Safari Storme EX,68.7,750.0,1.3,40.6,95.58902135922331,50.65339805825226,14.085970873786408,0.7286,0,0,0.0,12.149,0.1,Stop-and-Go,26.3,Drizzle,Drizzle,79.2,6.4,81.5,1011.8,4.0,58.5,Urban,68628,11,5.6971,4.1985,0.7654,18.51611650485437,73.8557495145631,Pune,,,,0.7583,WARNING,False
2026-01-21 20:12:24,472.8,Safari Storme EX,68.7,750.0,0.0,40.6,92.72717500000006,41.72083333333361,14.105833333333333,0.7501,0,0,0.0,13.394,0.2,Stop-and-Go,26.3,Drizzle,Drizzle,79.2,6.4,81.5,1011.8,4.0,58.5,Urban,68628,11,5.697,4.1985,0.7654,18.519545833333336,73.8552,Pune,,,,0.7583,WARNING,False
2026-01-21 20:12:27,475.2,Safari Storme EX,69.3,750.0,0.0,40.6,89.506825,28.545833333333373,14.130833333333333,0.7501,0,0,0.0,12.121,0.3,Stop-and-Go,26.3,Drizzle,Drizzle,79.2,6.4,81.5,1011.8,4.0,58.5,Urban,68628,11,5.697,4.1985,0.7654,18.523320833333333,73.854,Pune,,,,0.7583,WARNING,False
2026-01-21 20:12:29,477.6,Safari Storme EX,69.3,808.32,0.0,40.6,86.28647500000002,15.37083333333345,14.155833333333334,0.7501,0,0,0.0,0.581,0.4,Stop-and-Go,26.3,Drizzle,Drizzle,79.2,6.4,81.5,1011.8,4.0,58.5,Urban,68628,11,5.697,4.1985,0.7654,18.527095833333334,73.8528,Pune,,,,0.7583,WARNING,False
2026-01-21 20:12:32,480.0,Safari Storme EX,69.0,809.43,0.4,40.6,83.06612499999997,2.195833333333212,14.180833333333334,0.7501,0,0,0.0,0.564,0.4,Stop-and-Go,26.3,Drizzle,Drizzle,79.2,6.4,81.5,1011.8,4.0,58.5,Urban,68628,11,5.697,4.1985,0.7654,18.530870833333335,73.8516,Pune,,,,0.7583,WARNING,False
2026-01-21 20:12:34,482.4,Safari Storme EX,69.8,863.31,0.0,47.1,83.34649615384615,0.0,14.186153846153847,0.7623,0,0,0.0,0.179,0.5,Stop-and-Go,26.3,Drizzle,Drizzle,79.2,6.4,81.5,1011.8,4.0,58.5,Urban,68628,11,5.697,4.1985,0.7654,18.52994230769231,73.85232307692307,Pune,,,,0.7583,WARNING,False
2026-01-21 20:12:36,484.8,Safari Storme EX,70.0,901.86,1.6,47.1,84.32701153846152,0.0,14.187538461538463,0.7623,0,0,0.0,0.693,0.5,Stop-and-Go,26.3,Drizzle,Drizzle,79.2,6.4,81.5,1011.8,4.0,58.5,Urban,68628,11,5.697,4.1985,0.7654,18.52807307692308,73.85343076923077,Pune,,,,0.7583,WARNING,False
2026-01-21 20:12:39,487.2,Safari Storme EX,69.6,906.58,0.9,47.1,85.30752692307692,0.0,14.188923076923077,0.7623,0,0,0.0,0.68,0.5,Stop-and-Go,26.3,Drizzle,Drizzle,79.2,6.4,81.5,1011.8,4.0,58.5,Urban,68628,11,5.6969,4.1985,0.7654,18.526203846153845,73.85453846153847,Pune,,,,0.7583,WARNING,False
2026-01-21 20:12:41,489.6,Safari Storme EX,69.8,750.0,0.9,47.1,86.2880423076923,0.0,14.190307692307693,0.7623,0,0,0.0,0.602,0.5,Stop-and-Go,26.3,Drizzle,Drizzle,79.2,6.4,81.5,1011.8,4.0,58.5,Urban,68628,11,5.6969,4.1985,0.7654,18.524334615384614,73.85564615384615,Pune,,,,0.7583,WARNING,False
2026-01-21 20:12:44,492.0,Safari Storme EX,70.6,750.0,0.1,45.7,87.54571894736841,6.656842105263094,14.18822105263158,0.734,0,0,0.0,0.66,0.4,Stop-and-Go,26.3,Drizzle,Drizzle,79.2,6.4,81.5,1011.8,4.0,58.5,Urban,68628,11,5.6969,4.1985,0.7654,18.523374736842104,73.8566547368421,Pune,,,,0.7583,WARNING,False
2026-01-21 20:12:46,494.4,Safari Storme EX,70.8,750.0,0.0,45.7,89.08055684210524,19.970526315789286,14.182663157894737,0.734,0,0,0.0,0.66,0.5,Stop-and-Go,26.3,Drizzle,Drizzle,79.2,6.4,81.5,1011.8,4.0,58.5,Urban,68628,11,5.6969,4.1985,0.7654,18.523324210526315,73.85756421052632,Pune,,,,0.7583,WARNING,False
2026-01-21 20:12:48,496.8,Safari Storme EX,70.4,799.86,0.7,45.7,90.61539473684208,33.284210526315476,14.177105263157895,0.734,0,0,0.0,0.438,0.4,Stop-and-Go,26.3,Drizzle,Drizzle,79.2,6.4,81.5,1011.8,4.0,58.5,Urban,68628,11,5.6969,4.1984,0.7654,18.523273684210526,73.85847368421054,Pune,,,,0.7583,WARNING,False
2026-01-21 20:12:51,499.2,Safari Storme EX,70.3,750.0,0.0,45.7,92.15023263157893,46.59789473684198,14.171547368421054,0.734,0,0,0.0,0.428,0.4,Stop-and-Go,26.3,Drizzle,Drizzle,79.2,6.4,81.5,1011.8,4.0,58.5,Urban,68628,11,5.6969,4.1984,0.7654,18.523223157894737,73.85938315789474,Pune,,,,0.7583,WARNING,False
2026-01-21 20:12:53,501.6,Safari Storme EX,70.3,855.39,2.3,43.7,92.76255980392158,45.98333333333356,14.170529411764706,0.7391,0,0,0.0,0.983,0.3,Stop-and-Go,26.3,Drizzle,Drizzle,79.2,6.4,81.5,1011.8,4.0,58.5,Urban,68628,11,5.6969,4.1984,0.7654,18.523913725490196,73.85833431372549,Pune,,,,0.7583,WARNING,False
2026-01-21 20:12:56,504.0,Safari Storme EX,70.5,775.22,0.0,43.7,92.59430098039216,33.58333333333337,14.173352941176471,0.7391,0,0,0.0,0.997,0.4,Stop-and-Go,26.3,Drizzle,Drizzle,79.2,6.4,81.5,1011.8,4.0,58.5,Urban,68628,11,5.6968,4.1984,0.7654,18.52523137254902,73.85562843137255,Pune,,,,0.7583,WARNING,False
2026-01-21 20:12:58,506.4,Safari Storme EX,70.6,770.93,0.0,43.7,92.42604215686275,21.18333333333348,14.176176470588235,0.7391,0,0,0.0,0.997,0.4,Stop-and-Go,26.3,Drizzle,Drizzle,79.2,6.4,81.5,1011.8,4.0,58.5,Urban,68628,11,5.6968,4.1984,0.7654,18.52654901960784,73.85292254901961,Pune,,,,0.7583,WARNING,False
2026-01-21 20:13:00,508.8,Safari Storme EX,70.9,761.15,2.2,43.7,92.25778333333334,8.78333333333358,14.178999999999998,0.7391,0,0,0.0,1.233,0.4,Stop-and-Go,26.3,Drizzle,Drizzle,79.2,6.4,81.5,1011.8,4.0,58.5,Urban,68628,11,5.6968,4.1984,0.7654,18.527866666666668,73.85021666666667,Pune,,,,0.7583,WARNING,False
2026-01-21 20:13:03,511.2,Safari Storme EX,70.8,813.28,2.0,42.3,91.479494,3.4159999999999444,14.184849999999999,0.742,0,0,0.0,1.192,0.4,Stop-and-Go,26.3,Drizzle,Drizzle,79.2,6.4,81.5,1011.8,4.0,58.5,Urban,68628,11,5.6968,4.1984,0.7654,18.52761,73.848783,Pune,,,,0.7583,WARNING,False
2026-01-21 20:13:05,513.6,Safari Storme EX,70.7,1023.71,3.8,42.3,89.21970199999998,15.12800000000011,14.19805,0.742,0,0,0.0,1.619,0.4,Aggressive,26.3,Drizzle,Drizzle,79.2,6.4,81.5,1011.8,4.0,58.5,Urban,68628,11,5.6968,4.1984,0.7654,18.52353,73.850439,Pune,,,,0.7583,WARNING,False
2026-01-21 20:13:08,516.0,Safari Storme EX,70.8,817.43,4.5,42.3,86.95991000000001,26.84,14.21125,0.742,0,0,0.0,1.752,0.4,Aggressive,26.3,Drizzle,Drizzle,79.2,6.4,81.5,1011.8,4.0,58.5,Urban,68628,11,5.6968,4.1984,0.7654,18.51945,73.85209499999999,Pune,,,,0.7583,WARNING,False
2026-01-21 20:13:10,518.4,Safari Storme EX,71.2,1088.28,11.4,42.3,84.70011800000003,38.551999999999886,14.224450000000001,0.742,0,0,0.0,3.849,0.3,Aggressive,26.3,Drizzle,Drizzle,79.2,6.4,81.5,1011.8,4.0,58.5,Urban,68628,11,5.6968,4.1984,0.7654,18.51537,73.853751,Pune,,,,0.7583,WARNING,False
2026-01-21 20:13:12,520.8,Safari Storme EX,70.6,840.93,11.8,41.7,82.93343333333331,48.96060606060603,14.234424242424243,0.7325,0,0,0.0,4.567,0.3,Aggressive,26.3,Drizzle,Drizzle,79.2,6.4,81.5,1011.8,4.0,58.5,Urban,68628,11,5.6967,4.1984,0.7654,18.512012121212123,73.85493939393939,Pune,,,,0.7583,WARNING,False
2026-01-21 20:13:15,523.2,Safari Storme EX,71.6,925.4,14.0,41.7,84.61849999999995,50.24545454545451,14.221818181818183,0.7325,0,0,0.0,4.632,0.2,Aggressive,26.3,Drizzle,Drizzle,79.2,6.4,81.5,1011.8,4.0,58.5,Urban,68628,11,5.6967,4.1984,0.7654,18.513709090909092,73.85285454545455,Pune,,,,0.7583,WARNING,False
2026-01-21 20:13:17,525.6,Safari Storme EX,71.3,1481.66,23.8,41.7,86.3035666666667,51.530303030303045,14.20921212121212,0.7325,0,0,0.0,6.961,0.2,Aggressive,26.3,Drizzle,Drizzle,79.2,6.4,81.5,1011.8,4.0,58.5,Urban,68628,11,5.6967,4.1984,0.7654,18.51540606060606,73.85076969696969,Pune,,,,0.7583,WARNING,False
2026-01-21 20:13:20,528.0,Safari Storme EX,71.7,1428.76,18.7,41.7,87.98863333333334,52.81515151515153,14.19660606060606,0.7325,0,0,0.0,5.266,0.1,Aggressive,26.3,Drizzle,Drizzle,79.2,6.4,81.5,1011.8,4.0,58.5,Urban,68628,11,5.6967,4.1983,0.7654,18.51710303030303,73.84868484848485,Pune,,,,0.7583,WARNING,False
2026-01-21 20:13:22,530.4,Safari Storme EX,71.8,1668.6,32.0,41.2,89.6737,54.1,14.184,0.7419,0,0,0.0,8.114,0.0,Aggressive,26.3,Drizzle,Drizzle,79.2,6.4,81.5,1011.8,4.0,58.5,Urban,68628,11,5.6967,4.1983,0.7654,18.5188,73.8466,Pune,,,,0.7583,WARNING,False
2026-01-21 20:13:24,532.8,Safari Storme EX,72.1,1662.14,34.1,41.2,92.20258979591833,54.93265306122448,14.189142857142857,0.7419,0,0,0.0,8.556,0.0,Aggressive,26.3,Drizzle,Drizzle,79.2,6.4,81.5,1011.8,4.0,58.5,Urban,68628,11,5.6967,4.1983,0.7654,18.51701224489796,73.84787346938775,Pune,,,,0.7583,WARNING,False
2026-01-21 20:13:27,535.2,Safari Storme EX,72.1,1680.19,32.9,41.2,94.73147959183665,55.765306122448955,14.194285714285714,0.7419,0,0,0.0,6.725,0.0,Aggressive,26.3,Drizzle,Drizzle,79.2,6.4,81.5,1011.8,4.0,58.5,Urban,68628,11,5.6966,4.1983,0.7654,18.51522448979592,73.8491469387755,Pune,,,,0.7583,WARNING,False
2026-01-21 20:13:29,537.6,Safari Storme EX,72.6,1605.73,32.0,41.2,97.26036938775509,56.59795918367347,14.199428571428571,0.7419,0,0,0.0,6.342,0.0,Aggressive,26.3,Drizzle,Drizzle,79.2,6.4,81.5,1011.8,4.0,58.5,Urban,68628,11,5.6966,4.1983,0.7654,18.51343673469388,73.85042040816326,Pune,,,,0.7583,WARNING,False
2026-01-21 20:13:32,540.0,Safari Storme EX,72.3,1570.65,30.3,41.2,99.78925918367342,57.430612244897944,14.204571428571429,0.7419,0,0,0.0,1.394,0.0,Aggressive,26.3,Drizzle,Drizzle,79.2,6.4,81.5,1011.8,4.0,58.5,Urban,68628,11,5.6966,4.1983,0.7654,18.51164897959184,73.85169387755101,Pune,,,,0.7583,WARNING,False
2026-01-21 20:13:34,542.4,Safari Storme EX,72.2,1493.9,25.6,44.9,97.69228800000008,56.95000000000002,14.186960000000001,0.7295,0,0,0.0,3.312,0.0,Aggressive,26.3,Drizzle,Drizzle,79.2,6.4,81.5,1011.8,4.0,58.5,Urban,68628,11,5.6966,4.1983,0.7654,18.51403,73.851492,Pune,,,,0.7583,WARNING,False
2026-01-21 20:13:36,544.8,Safari Storme EX,73.0,1520.0,29.6,44.9,95.1747840000001,56.35000000000002,14.16728,0.7295,0,0,0.0,2.828,0.0,Aggressive,26.3,Drizzle,Drizzle,79.2,6.4,81.5,1011.8,4.0,58.5,Urban,68628,11,5.6966,4.1983,0.7654,18.51679,73.85115599999999,Pune,,,,0.7583,WARNING,False
2026-01-21 20:13:39,547.2,Safari Storme EX,72.8,1663.89,30.4,44.9,92.65728000000013,55.75000000000003,14.1476,0.7295,0,0,0.0,2.392,0.0,Aggressive,26.3,Drizzle,Drizzle,79.2,6.4,81.5,1011.8,4.0,58.5,Urban,68628,11,5.6966,4.1983,0.7654,18.51955,73.85082,Pune,,,,0.7583,WARNING,False
2026-01-21 20:13:41,549.6,Safari Storme EX,72.0,1661.65,30.7,44.9,90.13977600000003,55.150000000000006,14.12792,0.7295,0,0,0.0,2.118,0.0,Aggressive,26.3,Drizzle,Drizzle,79.2,6.4,81.5,1011.8,4.0,58.5,Urban,68628,11,5.6966,4.1983,0.7654,18.52231,73.850484,Pune,,,,0.7583,WARNING,False
2026-01-21 20:13:44,552.0,Safari Storme EX,72.9,1616.97,33.2,44.2,89.1654342857143,45.57142857142881,14.13842857142857,0.7566,0,0,0.0,2.755,0.0,Aggressive,26.3,Drizzle,Drizzle,79.2,6.4,81.5,1011.8,4.0,58.5,Urban,68628,11,5.6965,4.1983,0.7654,18.521954285714287,73.84992,Pune,,,,0.7583,WARNING,False
2026-01-21 20:13:46,554.4,Safari Storme EX,73.3,1394.3,33.6,44.2,88.70548000000001,33.000000000000355,14.158999999999999,0.7566,0,0,0.0,1.786,0.0,Aggressive,26.3,Drizzle,Drizzle,79.2,6.4,81.5,1011.8,4.0,58.5,Urban,68628,11,5.6965,4.1983,0.7654,18.52056,73.84928,Pune,,,,0.7583,WARNING,False
2026-01-21 20:13:48,556.8,Safari Storme EX,72.6,1551.39,36.0,44.2,88.24552571428573,20.428571428571907,14.179571428571426,0.7566,0,0,0.0,2.303,0.0,Aggressive,26.3,Drizzle,Drizzle,79.2,6.4,81.5,1011.8,4.0,58.5,Urban,68628,11,5.6965,4.1983,0.7654,18.519165714285712,73.84864,Pune,,,,0.7583,WARNING,False
2026-01-21 20:13:51,559.2,Safari Storme EX,73.3,1598.06,36.6,44.2,87.78557142857144,7.857142857143451,14.200142857142856,0.7566,0,0,0.0,2.369,0.0,Aggressive,26.3,Drizzle,Drizzle,79.2,6.4,81.5,1011.8,4.0,58.5,Urban,68628,11,5.6965,4.1982,0.7654,18.51777142857143,73.848,Pune,,,,0.7583,WARNING,False
2026-01-21 20:13:53,561.6,Safari Storme EX,73.5,1643.11,34.5,47.6,87.77405102040815,5.234693877550912,14.207397959183673,0.7499,0,0,0.0,1.481,0.0,Aggressive,26.3,Drizzle,Drizzle,79.2,6.4,81.5,1011.8,4.0,58.5,Urban,68628,11,5.6965,4.1982,0.7654,18.51735918367347,73.84794897959183,Pune,,,,0.7583,WARNING,False
2026-01-21 20:13:56,564.0,Safari Storme EX,72.8,1698.69,35.9,47.6,88.50992040816325,19.193877551020233,14.192459183673469,0.7499,0,0,0.0,1.232,0.0,Aggressive,26.3,Drizzle,Drizzle,79.2,6.4,81.5,1011.8,4.0,58.5,Urban,68628,11,5.6965,4.1982,0.7654,18.518583673469386,73.84887959183673,Pune,,,,0.7583,WARNING,False
2026-01-21 20:13:58,566.4,Safari Storme EX,73.7,1676.61,32.3,47.6,89.24578979591836,33.15306122448955,14.177520408163264,0.7499,0,0,0.0,1.724,0.0,Aggressive,26.3,Drizzle,Drizzle,79.2,6.4,81.5,1011.8,4.0,58.5,Urban,68628,11,5.6964,4.1982,0.7654,18.519808163265306,73.84981020408163,Pune,,,,0.7583,WARNING,False
2026-01-21 20:14:00,568.8,Safari Storme EX,73.8,1495.87,33.7,47.6,89.98165918367344,47.112244897958874,14.16258163265306,0.7499,0,0,0.0,1.718,0.0,Aggressive,26.3,Drizzle,Drizzle,79.2,6.4,81.5,1011.8,4.0,58.5,Urban,68628,11,5.6964,4.1982,0.7654,18.521032653061223,73.85074081632654,Pune,,,,0.7583,WARNING,False
2026-01-21 20:14:03,571.2,Safari Storme EX,73.0,1665.44,34.8,45.8,90.42396947368421,56.83052631578949,14.148610526315789,0.7299,0,0,0.0,1.341,0.0,Aggressive,26.3,Drizzle,Drizzle,79.2,6.4,81.5,1011.8,4.0,58.5,Urban,68628,11,5.6964,4.1982,0.7654,18.52154631578947,73.85179789473685,Pune,,,,0.7583,WARNING,False
2026-01-21 20:14:05,573.6,Safari Storme EX,73.5,1707.93,33.4,45.8,90.15335052631579,56.24947368421052,14.13698947368421,0.7299,0,0,0.0,1.377,0.0,Aggressive,26.3,Drizzle,Drizzle,79.2,6.4,81.5,1011.8,4.0,58.5,Urban,68628,11,5.6964,4.1982,0.7654,18.520333684210524,73.85316210526315,Pune,,,,0.7583,WARNING,False
2026-01-21 20:14:08,576.0,Safari Storme EX,73.4,1496.03,31.9,45.8,89.88273157894737,55.66842105263158,14.125368421052631,0.7299,0,0,0.0,1.156,0.0,Aggressive,26.3,Drizzle,Drizzle,79.2,6.4,81.5,1011.8,4.0,58.5,Urban,68628,11,5.6964,4.1982,0.7655,18.51912105263158,73.85452631578947,Pune,,,,0.7586,WARNING,False
2026-01-21 20:14:10,578.4,Safari Storme EX,73.4,1637.78,30.7,45.8,89.61211263157895,55.08736842105264,14.113747368421052,0.7299,0,0,0.0,1.608,0.0,Aggressive,26.3,Drizzle,Drizzle,79.2,6.4,81.5,1011.8,4.0,58.5,Urban,68628,11,5.6964,4.1982,0.7655,18.51790842105263,73.85589052631579,Pune,,,,0.7586,WARNING,False
2026-01-21 20:14:12,580.8,Safari Storme EX,74.2,1643.87,31.2,42.7,88.8780307692308,54.36923076923079,14.113307692307691,0.7343,0,0,0.0,1.684,0.0,Aggressive,26.3,Drizzle,Drizzle,79.2,6.4,81.5,1011.8,4.0,58.5,Urban,68628,11,5.6964,4.1982,0.7655,18.517246153846152,73.85646153846155,Pune,,,,0.7586,WARNING,False
2026-01-21 20:14:15,583.2,Safari Storme EX,73.8,1597.63,28.9,42.7,87.21702307692313,53.376923076923106,14.135230769230768,0.7343,0,0,0.0,1.648,0.0,Aggressive,26.3,Drizzle,Drizzle,79.2,6.4,81.5,1011.8,4.0,58.5,Urban,68628,11,5.6963,4.1982,0.7655,18.517684615384614,73.85544615384616,Pune,,,,0.7586,WARNING,False
2026-01-21 20:14:17,585.6,Safari Storme EX,74.4,1671.46,30.5,42.7,85.55601538461536,52.38461538461537,14.157153846153847,0.7343,0,0,0.0,1.113,0.0,Aggressive,26.3,Drizzle,Drizzle,79.2,6.4,81.5,1011.8,4.0,58.5,Urban,68628,11,5.6963,4.1982,0.7655,18.518123076923075,73.85443076923077,Pune,,,,0.7586,WARNING,False
2026-01-21 20:14:20,588.0,Safari Storme EX,74.6,1630.03,29.2,42.7,83.89500769230767,51.39230769230768,14.179076923076924,0.7343,0,0,0.0,0.997,0.0,Aggressive,26.3,Drizzle,Drizzle,79.2,6.4,81.5,1011.8,4.0,58.5,Urban,68628,11,5.6963,4.1982,0.7655,18.518561538461537,73.85341538461539,Pune,,,,0.7586,WARNING,False
2026-01-21 20:14:22,590.4,Safari Storme EX,74.6,1642.17,25.2,40.3,82.234,50.4,14.201,0.7567,0,0,0.0,2.323,0.0,Aggressive,26.3,Drizzle,Drizzle,79.2,6.4,81.5,1011.8,4.0,58.5,Urban,68628,11,5.6963,4.1981,0.7655,18.519,73.8524,Pune,,,,0.7586,WARNING,False
2026-01-21 20:14:24,592.8,Safari Storme EX,74.0,1688.64,26.7,40.3,82.8369126213592,50.46990291262136,14.17816504854369,0.7567,0,0,0.0,2.12,0.0,Aggressive,26.3,Drizzle,Drizzle,79.2,6.4,81.5,1011.8,4.0,58.5,Urban,68628,11,5.6963,4.1981,0.7655,18.519582524271843,73.8517009708738,Pune,,,,0.7586,WARNING,False
2026-01-21 20:14:27,595.2,Safari Storme EX,74.9,1592.41,25.5,40.3,83.43982524271843,50.539805825242716,14.15533009708738,0.7567,0,0,0.0,2.334,0.0,Aggressive,26.3,Drizzle,Drizzle,79.2,6.4,81.5,1011.8,4.0,58.5,Urban,68628,11,5.6963,4.1981,0.7655,18.52016504854369,73.85100194174757,Pune,,,,0.7586,WARNING,False
2026-01-21 20:14:29,597.6,Safari Storme EX,74.5,1434.51,23.0,40.3,84.04273786407767,50.60970873786408,14.132495145631069,0.7567,0,0,0.0,2.269,0.0,Aggressive,26.3,Drizzle,Drizzle,79.2,6.4,81.5,1011.8,4.0,58.5,Urban,68628,11,5.6963,4.1981,0.7655,18.520747572815534,73.85030291262136,Pune,,,,0.7586,WARNING,False
2026-01-21 20:14:32,600.0,Safari Storme EX,74.2,1507.27,21.7,40.3,84.64565048543689,50.67961165048544,14.109660194174758,0.7567,0,0,0.0,2.024,0.0,Aggressive,26.3,Drizzle,Drizzle,79.2,6.4,81.5,1011.8,4.0,58.5,Urban,68628,11,5.6962,4.1981,0.7655,18.52133009708738,73.84960388349515,Pune,,,,0.7586,WARNING,False
2026-01-21 20:14:34,602.4,Safari Storme EX,75.3,1410.15,18.9,41.1,85.35503979591834,51.35918367346937,14.116704081632653,0.7557,0,0,0.0,3.095,0.0,Aggressive,26.3,Drizzle,Drizzle,79.2,6.4,81.5,1011.8,4.0,58.5,Urban,68628,11,5.6962,4.1981,0.7655,18.521482653061224,73.84886224489796,Pune,,,,0.7586,WARNING,False
2026-01-21 20:14:36,604.8,Safari Storme EX,75.0,1494.72,25.0,41.1,86.10827244897956,52.28979591836732,14.136051020408162,0.7557,0,0,0.0,2.673,0.0,Aggressive,26.3,Drizzle,Drizzle,79.2,6.4,81.5,1011.8,4.0,58.5,Urban,68628,11,5.6962,4.1981,0.7655,18.521458163265304,73.84810306122449,Pune,,,,0.7586,WARNING,False
2026-01-21 20:14:39,607.2,Safari Storme EX,75.6,1648.4,27.6,41.1,86.8615051020408,53.220408163265276,14.155397959183674,0.7557,0,0,0.0,3.293,0.0,Aggressive,26.3,Drizzle,Drizzle,79.2,6.4,81.5,1011.8,4.0,58.5,Urban,68628,11,5.6962,4.1981,0.7655,18.52143367346939,73.84734387755103,Pune,,,,0.7586,WARNING,False
2026-01-21 20:14:41,609.6,Safari Storme EX,75.5,1471.02,24.2,41.1,87.61473775510204,54.15102040816327,14.174744897959185,0.7557,0,0,0.0,3.315,0.0,Aggressive,26.3,Drizzle,Drizzle,79.2,6.4,81.5,1011.8,4.0,58.5,Urban,68628,11,5.6962,4.1981,0.7655,18.52140918367347,73.84658469387755,Pune,,,,0.7586,WARNING,False
2026-01-21 20:14:44,612.0,Safari Storme EX,76.2,1589.99,25.3,46.4,86.59797894736842,45.89473684210526,14.16984210526316,0.7347,0,0,0.0,3.221,0.0,Aggressive,26.3,Drizzle,Drizzle,79.2,6.4,81.5,1011.8,4.0,58.5,Urban,68628,11,5.6962,4.1981,0.7655,18.52177894736842,73.84759473684211,Pune,,,,0.7586,WARNING,False
2026-01-21 20:14:46,614.4,Safari Storme EX,75.1,1558.48,26.8,46.4,84.51922526315792,32.12631578947382,14.15038947368421,0.7347,0,0,0.0,1.386,0.0,Aggressive,26.3,Drizzle,Drizzle,79.2,6.4,81.5,1011.8,4.0,58.5,Urban,68628,11,5.6961,4.1981,0.7655,18.522385263157894,73.84966631578948,Pune,,,,0.7586,WARNING,False
2026-01-21 20:14:48,616.8,Safari Storme EX,75.0,1742.37,28.7,46.4,82.44047157894741,18.35789473684237,14.130936842105264,0.7347,0,0,0.0,1.794,0.0,Aggressive,26.3,Drizzle,Drizzle,79.2,6.4,81.5,1011.8,4.0,58.5,Urban,68628,11,5.6961,4.1981,0.7655,18.52299157894737,73.85173789473684,Pune,,,,0.7586,WARNING,False
2026-01-21 20:14:51,619.2,Safari Storme EX,75.4,1666.37,27.4,46.4,80.3617178947369,4.5894736842109225,14.111484210526317,0.7347,0,0,0.0,1.766,0.0,Aggressive,26.3,Drizzle,Drizzle,79.2,6.4,81.5,1011.8,4.0,58.5,Urban,68629,11,5.6961,4.1981,0.7655,18.52359789473684,73.85380947368421,Pune,,,,0.7586,WARNING,False
2026-01-21 20:14:53,621.6,Safari Storme EX,75.6,1482.85,29.2,47.8,82.88958415841589,9.077227722772387,14.111336633663367,0.7325,0,0,0.0,1.555,0.0,Aggressive,26.3,Drizzle,Drizzle,79.2,6.4,81.5,1011.8,4.0,58.5,Urban,68629,11,5.6961,4.1981,0.7655,18.524354455445547,73.85231386138614,Pune,,,,0.7586,WARNING,False
2026-01-21 20:14:56,624.0,Safari Storme EX,76.0,1567.31,28.3,47.8,87.7207603960396,22.693069306930642,14.120841584158416,0.7325,0,0,0.0,0.973,0.0,Aggressive,26.3,Drizzle,Drizzle,79.2,6.4,81.5,1011.8,4.0,58.5,Urban,68629,11,5.6961,4.198,0.7655,18.52518613861386,73.84903465346535,Pune,,,,0.7586,WARNING,False
2026-01-21 20:14:58,626.4,Safari Storme EX,75.6,1688.07,31.3,47.8,92.55193663366329,36.3089108910889,14.130346534653466,0.7325,0,0,0.0,1.455,0.0,Aggressive,26.3,Drizzle,Drizzle,79.2,6.4,81.5,1011.8,4.0,58.5,Urban,68629,11,5.6961,4.198,0.7655,18.52601782178218,73.84575544554455,Pune,,,,0.7586,WARNING,False
2026-01-21 20:15:00,628.8,Safari Storme EX,75.6,1545.2,30.1,47.8,97.383112871287,49.92475247524715,14.139851485148514,0.7325,0,0,0.0,1.521,0.0,Aggressive,26.3,Drizzle,Drizzle,79.2,6.4,81.5,1011.8,4.0,58.5,Urban,68629,11,5.6961,4.198,0.7655,18.526849504950494,73.84247623762376,Pune,,,,0.7586,WARNING,False
2026-01-21 20:15:03,631.2,Safari Storme EX,76.0,905.39,0.0,47.8,99.45899174311931,56.704587155963345,14.149036697247706,0.7411,0,0,1.0,13.34,0.1,Stop-and-Go,26.3,Drizzle,Drizzle,79.2,6.4,81.5,1011.8,4.0,58.5,Urban,68629,11,5.696,4.198,0.7655,18.526300917431193,73.8418504587156,Pune,,,,0.7586,WARNING,False
2026-01-21 20:15:05,633.6,Safari Storme EX,76.0,995.9,6.4,47.8,98.27861009174312,55.40550458715596,14.157844036697247,0.7411,0,0,0.0,14.837,0.1,Aggressive,26.3,Drizzle,Drizzle,79.2,6.4,81.5,1011.8,4.0,58.5,Urban,68629,11,5.696,4.198,0.7655,18.52412110091743,73.84436055045872,Pune,,,,0.7586,WARNING,False
2026-01-21 20:15:08,636.0,Safari Storme EX,75.9,934.91,11.8,47.8,97.09822844036698,54.106422018348624,14.166651376146788,0.7411,0,0,0.0,14.13,0.1,Aggressive,26.3,Drizzle,Drizzle,79.2,6.4,81.5,1011.8,4.0,58.5,Urban,68629,11,5.696,4.198,0.7655,18.52194128440367,73.84687064220184,Pune,,,,0.7586,WARNING,False
2026-01-21 20:15:10,638.4,Safari Storme EX,76.3,1461.1,17.7,47.8,95.91784678899084,52.807339449541296,14.17545871559633,0.7411,0,0,0.0,11.492,0.1,Aggressive,26.3,Drizzle,Drizzle,79.2,6.4,81.5,1011.8,4.0,58.5,Urban,68629,11,5.696,4.198,0.7655,18.519761467889907,73.84938073394495,Pune,,,,0.7586,WARNING,False
2026-01-21 20:15:12,640.8,Safari Storme EX,76.2,1597.93,23.1,47.8,94.7374651376147,51.50825688073397,14.184266055045871,0.7411,0,0,0.0,9.095,0.1,Aggressive,26.3,Drizzle,Drizzle,79.2,6.4,81.5,1011.8,4.0,58.5,Urban,68629,11,5.696,4.198,0.7655,18.517581651376144,73.85189082568807,Pune,,,,0.7586,WARNING,False
2026-01-21 20:15:15,643.2,Safari Storme EX,76.3,914.02,0.3,47.7,91.79497311827964,50.974193548387106,14.173645161290324,0.7536,0,0,1.0,8.998,0.1,Stop-and-Go,26.3,Drizzle,Drizzle,79.2,6.4,81.5,1011.8,4.0,58.5,Urban,68629,11,5.696,4.198,0.7655,18.51834623655914,73.85415806451613,Pune,,,,0.7586,WARNING,False
2026-01-21 20:15:17,645.6,Safari Storme EX,76.2,750.0,1.0,47.7,88.69228924731178,50.50967741935483,14.16125806451613,0.7536,0,0,0.0,10.077,0.1,Stop-and-Go,26.3,Drizzle,Drizzle,79.2,6.4,81.5,1011.8,4.0,58.5,Urban,68629,11,5.696,4.198,0.7655,18.519378494623655,73.85640322580645,Pune,,,,0.7586,WARNING,False
2026-01-21 20:15:20,648.0,Safari Storme EX,75.5,750.0,1.5,47.7,85.58960537634405,50.045161290322575,14.148870967741935,0.7536,0,0,0.0,10.84,0.1,Stop-and-Go,26.3,Drizzle,Drizzle,79.2,6.4,81.5,1011.8,4.0,58.5,Urban,68629,11,5.6959,4.198,0.7655,18.52041075268817,73.85864838709676,Pune,,,,0.7586,WARNING,False
2026-01-21 20:15:22,650.4,Safari Storme EX,76.6,803.23,0.6,40.3,82.60137047619048,49.57809523809524,14.137428571428572,0.7489,0,0,0.0,9.961,0.1,Stop-and-Go,26.3,Drizzle,Drizzle,79.2,6.4,81.5,1011.8,4.0,58.5,Urban,68629,11,5.6959,4.198,0.7655,18.521439047619047,73.86073999999999,Pune,,,,0.7586,WARNING,False
2026-01-21 20:15:24,652.8,Safari Storme EX,76.8,837.44,1.5,40.3,82.24546190476191,49.05238095238095,14.147714285714287,0.7489,0,0,0.0,0.536,0.1,Stop-and-Go,26.3,Drizzle,Drizzle,79.2,6.4,81.5,1011.8,4.0,58.5,Urban,68629,11,5.6959,4.198,0.7655,18.52237619047619,73.8593,Pune,,,,0.7586,WARNING,False
2026-01-21 20:15:27,655.2,Safari Storme EX,76.5,939.16,0.0,40.3,81.88955333333334,48.52666666666667,14.158,0.7489,0,0,0.0,0.638,0.1,Stop-and-Go,26.3,Drizzle,Drizzle,79.2,6.4,81.5,1011.8,4.0,58.5,Urban,68629,11,5.6959,4.1979,0.7655,18.523313333333334,73.85786,Pune,,,,0.7586,WARNING,False
2026-01-21 20:15:29,657.6,Safari Storme EX,76.3,954.34,0.0,40.3,81.53364476190475,48.00095238095236,14.168285714285714,0.7489,0,0,0.0,0.753,0.2,Stop-and-Go,26.3,Drizzle,Drizzle,79.2,6.4,81.5,1011.8,4.0,58.5,Urban,68629,11,5.6959,4.1979,0.7655,18.524250476190478,73.85642,Pune,,,,0.7586,WARNING,False
2026-01-21 20:15:32,660.0,Safari Storme EX,76.9,753.02,1.4,40.3,81.17773619047618,47.47523809523808,14.178571428571429,0.7489,0,0,0.0,0.728,0.2,Stop-and-Go,26.3,Drizzle,Drizzle,79.2,6.4,81.5,1011.8,4.0,58.5,Urban,68629,11,5.6959,4.1979,0.7655,18.52518761904762,73.85498,Pune,,,,0.7586,WARNING,False
2026-01-21 20:15:34,662.4,Safari Storme EX,76.6,848.59,0.0,41.4,81.43927959183674,47.70816326530612,14.179714285714287,0.7272,0,0,0.0,0.795,0.3,Stop-and-Go,26.3,Drizzle,Drizzle,79.2,6.4,81.5,1011.8,4.0,58.5,Urban,68629,11,5.6958,4.1979,0.7655,18.524340816326532,73.85383061224489,Pune,,,,0.7586,WARNING,False
2026-01-21 20:15:36,664.8,Safari Storme EX,77.0,882.5,0.2,41.4,82.00954897959183,48.3204081632653,14.176285714285715,0.7272,0,0,0.0,0.61,0.3,Stop-and-Go,26.3,Drizzle,Drizzle,79.2,6.4,81.5,1011.8,4.0,58.5,Urban,68629,11,5.6958,4.1979,0.7655,18.522602040816327,73.85282653061225,Pune,,,,0.7586,WARNING,False
2026-01-21 20:15:39,667.2,Safari Storme EX,76.4,875.9,0.3,41.4,82.57981836734692,48.93265306122447,14.172857142857143,0.7272,0,0,0.0,0.585,0.3,Stop-and-Go,26.3,Drizzle,Drizzle,79.2,6.4,81.5,1011.8,4.0,58.5,Urban,68629,11,5.6958,4.1979,0.7655,18.520863265306122,73.85182244897959,Pune,,,,0.7586,WARNING,False
2026-01-21 20:15:41,669.6,Safari Storme EX,76.8,1028.43,0.0,41.4,83.15008775510204,49.54489795918367,14.16942857142857,0.7272,0,0,0.0,0.585,0.4,Stop-and-Go,26.3,Drizzle,Drizzle,79.2,6.4,81.5,1011.8,4.0,58.5,Urban,68629,11,5.6958,4.1979,0.7655,18.519124489795917,73.85081836734693,Pune,,,,0.7586,WARNING,False
2026-01-21 20:15:44,672.0,Safari Storme EX,78.0,750.0,0.0,43.9,84.04823473684209,50.00631578947368,14.177136842105263,0.7369,0,0,0.0,0.141,0.5,Stop-and-Go,26.3,Drizzle,Drizzle,79.2,6.4,81.5,1011.8,4.0,58.5,Urban,68629,11,5.6958,4.1979,0.7655,18.518812631578946,73.85006105263157,Pune,,,,0.7586,WARNING,False
2026-01-21 20:15:46,674.4,Safari Storme EX,77.9,774.63,0.0,43.9,85.18057999999998,50.35999999999999,14.1928,0.7369,0,0,0.0,0.141,0.6,Stop-and-Go,26.3,Drizzle,Drizzle,79.2,6.4,81.5,1011.8,4.0,58.5,Urban,68629,11,5.6958,4.1979,0.7655,18.51952,73.84948,Pune,,,,0.7586,WARNING,False
2026-01-21 20:15:48,676.8,Safari Storme EX,77.4,750.0,0.8,43.9,86.31292526315787,50.71368421052631,14.208463157894736,0.7369,0,0,0.0,0.349,0.6,Stop-and-Go,26.3,Drizzle,Drizzle,79.2,6.4,81.5,1011.8,4.0,58.5,Urban,68629,11,5.6958,4.1979,0.7655,18.520227368421054,73.84889894736843,Pune,,,,0.7586,WARNING,False
2026-01-21 20:15:51,679.2,Safari Storme EX,77.8,780.43,0.1,43.9,87.44527052631575,51.06736842105262,14.224126315789473,0.7369,0,0,0.0,0.349,0.5,Stop-and-Go,26.3,Drizzle,Drizzle,79.2,6.4,81.5,1011.8,4.0,58.5,Urban,68629,11,5.6957,4.1979,0.7655,18.520934736842104,73.84831789473684,Pune,,,,0.7586,WARNING,False
2026-01-21 20:15:53,681.6,Safari Storme EX,77.2,800.59,0.0,40.9,85.29817142857144,49.95714285714286,14.215857142857143,0.7204,0,0,0.0,0.349,0.5,Stop-and-Go,26.3,Drizzle,Drizzle,79.2,6.4,81.5,1011.8,4.0,58.5,Urban,68629,11,5.6957,4.1979,0.7655,18.520957142857142,73.84734285714286,Pune,,,,0.7586,WARNING,False
2026-01-21 20:15:56,684.0,Safari Storme EX,77.5,769.24,0.0,40.9,81.18340571428575,47.96857142857145,14.193228571428572,0.7204,0,0,0.0,0.349,0.6,Stop-and-Go,26.3,Drizzle,Drizzle,79.2,6.4,81.5,1011.8,4.0,58.5,Urban,68629,11,5.6957,4.1979,0.7655,18.520568571428573,73.84613142857143,Pune,,,,0.7586,WARNING,False
2026-01-21 20:15:58,686.4,Safari Storme EX,77.8,905.01,1.3,40.9,77.06864000000007,45.98000000000004,14.1706,0.7204,0,0,0.0,0.586,0.5,Stop-and-Go,26.3,Drizzle,Drizzle,79.2,6.4,81.5,1011.8,4.0,58.5,Urban,68629,11,5.6957,4.1978,0.7655,18.52018,73.84492,Pune,,,,0.7586,WARNING,False
2026-01-21 20:16:00,688.8,Safari Storme EX,78.1,904.91,0.0,40.9,72.9538742857144,43.99142857142863,14.147971428571429,0.7204,0,0,0.0,0.572,0.6,Stop-and-Go,26.3,Drizzle,Drizzle,79.2,6.4,81.5,1011.8,4.0,58.5,Urban,68629,11,5.6957,4.1978,0.7655,18.51979142857143,73.84370857142856,Pune,,,,0.7586,WARNING,False
2026-01-21 20:16:03,691.2,Safari Storme EX,77.2,750.0,2.4,44.2,71.06783461538444,43.307692307692186,14.131634615384616,0.7255,0,0,0.0,1.085,0.6,Stop-and-Go,26.3,Drizzle,Drizzle,79.2,6.4,81.5,1011.8,4.0,58.5,Urban,68629,11,5.6957,4.1978,0.7655,18.519401923076924,73.84338269230769,Pune,,,,0.7586,WARNING,False
2026-01-21 20:16:05,693.6,Safari Storme EX,78.1,1052.7,8.6,44.2,75.86797307692309,46.53846153846155,14.134173076923076,0.7255,0,0,0.0,3.576,0.5,Aggressive,26.3,Drizzle,Drizzle,79.2,6.4,81.5,1011.8,4.0,58.5,Urban,68629,11,5.6957,4.1978,0.7655,18.519009615384615,73.84571346153847,Pune,,,,0.7586,WARNING,False
2026-01-21 20:16:08,696.0,Safari Storme EX,78.4,873.63,5.9,44.2,80.66811153846152,49.76923076923075,14.136711538461538,0.7255,0,0,0.0,3.535,0.4,Aggressive,26.3,Drizzle,Drizzle,79.2,6.4,81.5,1011.8,4.0,58.5,Urban,68629,11,5.6956,4.1978,0.7655,18.51861730769231,73.84804423076923,Pune,,,,0.7586,WARNING,False
2026-01-21 20:16:10,698.4,Safari Storme EX,78.9,954.97,12.9,44.2,85.46824999999995,52.999999999999964,14.139249999999999,0.7255,0,0,0.0,5.083,0.3,Aggressive,26.3,Drizzle,Drizzle,79.2,6.4,81.5,1011.8,4.0,58.5,Urban,68629,11,5.6956,4.1978,0.7655,18.518225,73.850375,Pune,,,,0.7586,WARNING,False
2026-01-21 20:16:12,700.8,Safari Storme EX,78.3,1401.13,16.0,44.2,90.26838846153838,56.23076923076917,14.14178846153846,0.7255,0,0,0.0,5.418,0.3,Aggressive,26.3,Drizzle,Drizzle,79.2,6.4,81.5,1011.8,4.0,58.5,Urban,68629,11,5.6956,4.1978,0.7655,18.517832692307692,73.85270576923078,Pune,,,,0.7586,WARNING,False
2026-01-21 20:16:15,703.2,Safari Storme EX,78.8,1355.51,16.2,43.7,85.81909230769247,53.574725274725374,14.15167032967033,0.7253,0,0,0.0,4.56,0.3,Aggressive,26.3,Drizzle,Drizzle,79.2,6.4,81.5,1011.8,4.0,58.5,Urban,68629,11,5.6956,4.1978,0.7656,18.5185010989011,73.85115934065934,Pune,,,,0.7589,WARNING,False
2026-01-21 20:16:17,705.6,Safari Storme EX,78.3,1662.5,31.6,43.7,80.52893846153844,50.383516483516466,14.16221978021978,0.7253,0,0,0.0,9.403,0.2,Aggressive,26.3,Drizzle,Drizzle,79.2,6.4,81.5,1011.8,4.0,58.5,Urban,68629,11,5.6956,4.1978,0.7656,18.519265934065935,73.84926043956044,Pune,,,,0.7589,WARNING,False
2026-01-21 20:16:20,708.0,Safari Storme EX,78.6,1423.31,19.6,43.7,75.23878461538465,47.192307692307715,14.17276923076923,0.7253,0,0,0.0,7.294,0.1,Aggressive,26.3,Drizzle,Drizzle,79.2,6.4,81.5,1011.8,4.0,58.5,Urban,68629,11,5.6956,4.1978,0.7656,18.52003076923077,73.84736153846154,Pune,,,,0.7589,WARNING,False
2026-01-21 20:16:22,710.4,Safari Storme EX,79.0,898.15,0.0,41.5,70.13222857142864,44.05142857142862,14.182885714285714,0.7388,0,0,1.0,11.292,0.2,Stop-and-Go,26.3,Drizzle,Drizzle,79.2,6.4,81.5,1011.8,4.0,58.5,Urban,68629,11,5.6955,4.1978,0.7656,18.520834285714287,73.84587714285713,Pune,,,,0.7589,WARNING,False
2026-01-21 20:16:24,712.8,Safari Storme EX,78.4,769.16,0.5,41.5,66.31085714285724,41.26285714285722,14.189971428571429,0.7388,0,0,0.0,13.447,0.1,Stop-and-Go,26.3,Drizzle,Drizzle,79.2,6.4,81.5,1011.8,4.0,58.5,Urban,68629,11,5.6955,4.1978,0.7656,18.521908571428572,73.84729428571428,Pune,,,,0.7589,WARNING,False
2026-01-21 20:16:27,715.2,Safari Storme EX,78.6,750.0,0.0,41.5,62.489485714285856,38.47428571428582,14.197057142857142,0.7388,0,0,0.0,14.564,0.2,Stop-and-Go,26.3,Drizzle,Drizzle,79.2,6.4,81.5,1011.8,4.0,58.5,Urban,68629,11,5.6955,4.1978,0.7656,18.522982857142857,73.84871142857142,Pune,,,,0.7589,WARNING,False
2026-01-21 20:16:29,717.6,Safari Storme EX,78.7,750.0,0.0,41.5,58.66811428571428,35.68571428571428,14.204142857142857,0.7388,0,0,0.0,8.712,0.3,Stop-and-Go,26.3,Drizzle,Drizzle,79.2,6.4,81.5,1011.8,4.0,58.5,Urban,68629,11,5.6955,4.1978,0.7656,18.524057142857146,73.85012857142857,Pune,,,,0.7589,WARNING,False
2026-01-21 20:16:32,720.0,Safari Storme EX,79.6,952.35,0.0,41.5,54.846742857142885,32.89714285714288,14.21122857142857,0.7388,0,0,0.0,0.224,0.4,Stop-and-Go,26.3,Drizzle,Drizzle,79.2,6.4,81.5,1011.8,4.0,58.5,Urban,68629,11,5.6955,4.1977,0.7656,18.52513142857143,73.85154571428572,Pune,,,,0.7589,WARNING,False
2026-01-21 20:16:34,722.4,Safari Storme EX,78.5,772.73,0.0,44.6,58.57085052631567,35.11789473684203,14.218684210526314,0.7304,0,0,0.0,0.224,0.5,Stop-and-Go,26.3,Drizzle,Drizzle,79.2,6.4,81.5,1011.8,4.0,58.5,Urban,68629,11,5.6955,4.1977,0.7656,18.52433894736842,73.85078210526316,Pune,,,,0.7589,WARNING,False
2026-01-21 20:16:36,724.8,Safari Storme EX,78.4,852.85,0.2,44.6,64.81011789473666,39.00842105263147,14.226263157894737,0.7304,0,0,0.0,0.089,0.5,Stop-and-Go,26.3,Drizzle,Drizzle,79.2,6.4,81.5,1011.8,4.0,58.5,Urban,68629,11,5.6955,4.1977,0.7656,18.522924210526316,73.84929157894737,Pune,,,,0.7589,WARNING,False
2026-01-21 20:16:39,727.2,Safari Storme EX,79.0,996.35,0.0,44.6,71.04938526315766,42.898947368420906,14.233842105263157,0.7304,0,0,0.0,0.089,0.6,Stop-and-Go,26.3,Drizzle,Drizzle,79.2,6.4,81.5,1011.8,4.0,58.5,Urban,68629,11,5.6954,4.1977,0.7656,18.521509473684212,73.84780105263158,Pune,,,,0.7589,WARNING,False
2026-01-21 20:16:41,729.6,Safari Storme EX,78.9,804.55,0.3,44.6,77.28865263157894,46.78947368421053,14.24142105263158,0.7304,0,0,0.0,0.141,0.6,Stop-and-Go,26.3,Drizzle,Drizzle,79.2,6.4,81.5,1011.8,4.0,58.5,Urban,68629,11,5.6954,4.1977,0.7656,18.520094736842104,73.84631052631579,Pune,,,,0.7589,WARNING,False
2026-01-21 20:16:44,732.0,Safari Storme EX,79.9,866.48,3.3,44.1,78.74337766990291,46.60388349514564,14.22842718446602,0.7481,0,0,0.0,1.426,0.6,Aggressive,26.3,Drizzle,Drizzle,79.2,6.4,81.5,1011.8,4.0,58.5,Urban,68629,11,5.6954,4.1977,0.7656,18.520168932038835,73.84561262135922,Pune,,,,0.7589,WARNING,False
2026-01-21 20:16:46,734.4,Safari Storme EX,79.0,915.36,6.3,44.1,78.93901262135923,45.34563106796118,14.210019417475728,0.7481,0,0,0.0,2.753,0.5,Aggressive,26.3,Drizzle,Drizzle,79.2,6.4,81.5,1011.8,4.0,58.5,Urban,68629,11,5.6954,4.1977,0.7656,18.52063495145631,73.84512330097088,Pune,,,,0.7589,WARNING,False
2026-01-21 20:16:48,736.8,Safari Storme EX,79.3,811.49,14.0,44.1,79.13464757281552,44.08737864077672,14.191611650485438,0.7481,0,0,0.0,5.754,0.5,Aggressive,26.3,Drizzle,Drizzle,79.2,6.4,81.5,1011.8,4.0,58.5,Urban,68629,11,5.6954,4.1977,0.7656,18.521100970873785,73.84463398058253,Pune,,,,0.7589,WARNING,False
2026-01-21 20:16:51,739.2,Safari Storme EX,80.0,929.9,10.5,44.1,79.33028252427184,42.82912621359226,14.173203883495146,0.7481,0,0,0.0,5.483,0.4,Aggressive,26.3,Drizzle,Drizzle,79.2,6.4,81.5,1011.8,4.0,58.5,Urban,68629,11,5.6954,4.1977,0.7656,18.521566990291262,73.84414466019417,Pune,,,,0.7589,WARNING,False
2026-01-21 20:16:53,741.6,Safari Storme EX,79.1,1652.12,23.7,44.8,77.95618235294113,41.823529411764696,14.164235294117647,0.7561,0,0,0.0,7.911,0.3,Aggressive,26.3,Drizzle,Drizzle,79.2,6.4,81.5,1011.8,4.0,58.5,Urban,68629,11,5.6954,4.1977,0.7656,18.521176470588234,73.84519411764707,Pune,,,,0.7589,WARNING,False
2026-01-21 20:16:56,744.0,Safari Storme EX,79.2,1307.47,17.2,44.8,75.01234705882352,41.07058823529412,14.16470588235294,0.7561,0,0,0.0,6.62,0.2,Aggressive,26.3,Drizzle,Drizzle,79.2,6.4,81.5,1011.8,4.0,58.5,Urban,68629,11,5.6953,4.1977,0.7656,18.519929411764707,73.84778235294118,Pune,,,,0.7589,WARNING,False
2026-01-21 20:16:58,746.4,Safari Storme EX,79.1,1492.82,23.1,44.8,72.06851176470592,40.31764705882354,14.165176470588236,0.7561,0,0,0.0,5.721,0.1,Aggressive,26.3,Drizzle,Drizzle,79.2,6.4,81.5,1011.8,4.0,58.5,Urban,68629,11,5.6953,4.1977,0.7656,18.518682352941177,73.8503705882353,Pune,,,,0.7589,WARNING,False
2026-01-21 20:17:00,748.8,Safari Storme EX,79.7,1522.45,16.4,44.8,69.1246764705883,39.56470588235296,14.165647058823529,0.7561,0,0,0.0,5.427,0.1,Smooth,26.3,Drizzle,Drizzle,79.2,6.4,81.5,1011.8,4.0,58.5,Urban,68629,11,5.6953,4.1977,0.7656,18.517435294117647,73.85295882352942,Pune,,,,0.7589,WARNING,False
2026-01-21 20:17:03,751.2,Safari Storme EX,79.6,1333.05,17.0,46.8,67.08578350515461,39.142268041237095,14.168041237113401,0.7426,0,0,0.0,3.597,0.0,Smooth,26.3,Drizzle,Drizzle,79.2,6.4,81.5,1011.8,4.0,58.5,Urban,68629,11,5.6953,4.1976,0.7656,18.516407216494844,73.85439278350516,Pune,,,,0.7589,WARNING,False
2026-01-21 20:17:05,753.6,Safari Storme EX,79.8,1368.61,17.1,46.8,67.76171752577321,39.71134020618557,14.176206185567011,0.7426,0,0,0.0,2.779,0.0,Smooth,26.3,Drizzle,Drizzle,79.2,6.4,81.5,1011.8,4.0,58.5,Urban,68629,11,5.6953,4.1976,0.7656,18.516036082474226,73.85236391752578,Pune,,,,0.7589,WARNING,False
2026-01-21 20:17:08,756.0,Safari Storme EX,79.9,766.44,13.5,46.8,68.43765154639176,40.28041237113402,14.184371134020619,0.7426,0,0,0.0,3.498,0.0,Smooth,26.3,Drizzle,Drizzle,79.2,6.4,81.5,1011.8,4.0,58.5,Urban,68629,11,5.6953,4.1976,0.7656,18.515664948453608,73.8503350515464,Pune,,,,0.7589,WARNING,False
2026-01-21 20:17:10,758.4,Safari Storme EX,79.2,1217.16,16.6,46.8,69.11358556701032,40.84948453608247,14.192536082474227,0.7426,0,0,0.0,1.492,0.0,Smooth,26.3,Drizzle,Drizzle,79.2,6.4,81.5,1011.8,4.0,58.5,Urban,68629,11,5.6952,4.1976,0.7656,18.51529381443299,73.84830618556701,Pune,,,,0.7589,WARNING,False
2026-01-21 20:17:12,760.8,Safari Storme EX,79.9,828.84,12.2,48.0,70.24048921568628,41.942156862745094,14.195813725490195,0.7359,0,0,0.0,2.273,0.0,Aggressive,26.3,Drizzle,Drizzle,79.2,6.4,81.5,1011.8,4.0,58.5,Urban,68629,11,5.6952,4.1976,0.7656,18.51563725490196,73.84642058823529,Pune,,,,0.7589,WARNING,False
2026-01-21 20:17:15,763.2,Safari Storme EX,80.5,955.54,14.8,48.0,73.08107745098036,45.02450980392152,14.180519607843138,0.7359,0,0,0.0,2.06,0.0,Aggressive,26.3,Drizzle,Drizzle,79.2,6.4,81.5,1011.8,4.0,58.5,Urban,68629,11,5.6952,4.1976,0.7656,18.518696078431372,73.8450794117647,Pune,,,,0.7589,WARNING,False
2026-01-21 20:17:17,765.6,Safari Storme EX,79.7,893.22,12.7,48.0,75.92166568627457,48.10686274509809,14.165225490196079,0.7359,0,0,0.0,1.773,0.0,Aggressive,26.3,Drizzle,Drizzle,79.2,6.4,81.5,1011.8,4.0,58.5,Urban,68629,11,5.6952,4.1976,0.7656,18.521754901960783,73.84373823529411,Pune,,,,0.7589,WARNING,False
2026-01-21 20:17:20,768.0,Safari Storme EX,79.8,946.63,12.3,48.0,78.76225392156864,51.18921568627452,14.14993137254902,0.7359,0,0,0.0,1.925,0.0,Aggressive,26.3,Drizzle,Drizzle,79.2,6.4,81.5,1011.8,4.0,58.5,Urban,68629,11,5.6952,4.1976,0.7656,18.524813725490194,73.84239705882352,Pune,,,,0.7589,WARNING,False
2026-01-21 20:17:22,770.4,Safari Storme EX,80.8,1030.99,13.6,48.0,81.60284215686272,54.27156862745095,14.13463725490196,0.7359,0,0,0.0,1.089,0.0,Aggressive,26.3,Drizzle,Drizzle,79.2,6.4,81.5,1011.8,4.0,58.5,Urban,68629,11,5.6952,4.1976,0.7656,18.527872549019605,73.84105588235293,Pune,,,,0.7589,WARNING,False
2026-01-21 20:17:24,772.8,Safari Storme EX,80.0,899.93,13.8,45.6,78.81500485436898,42.25242718446621,14.15521359223301,0.7119,0,0,0.0,0.981,0.0,Aggressive,26.3,Drizzle,Drizzle,79.2,6.4,81.5,1011.8,4.0,58.5,Urban,68629,11,5.6952,4.1976,0.7656,18.525409708737865,73.84289805825243,Pune,,,,0.7589,WARNING,False
2026-01-21 20:17:27,775.2,Safari Storme EX,80.3,1059.65,11.5,45.6,75.78245339805831,29.576699029126463,14.177349514563106,0.7119,0,0,0.0,0.947,0.0,Aggressive,26.3,Drizzle,Drizzle,79.2,6.4,81.5,1011.8,4.0,58.5,Urban,68629,11,5.6951,4.1976,0.7656,18.522706796116506,73.8448786407767,Pune,,,,0.7589,WARNING,False
2026-01-21 20:17:29,777.6,Safari Storme EX,80.4,971.65,13.2,45.6,72.74990194174751,16.90097087378612,14.199485436893204,0.7119,0,0,0.0,0.963,0.0,Aggressive,26.3,Drizzle,Drizzle,79.2,6.4,81.5,1011.8,4.0,58.5,Urban,68629,11,5.6951,4.1976,0.7656,18.520003883495146,73.84685922330097,Pune,,,,0.7589,WARNING,False
2026-01-21 20:17:32,780.0,Safari Storme EX,81.2,1085.56,11.3,45.6,69.71735048543684,4.225242718446381,14.2216213592233,0.7119,0,0,0.0,1.19,0.0,Smooth,26.3,Drizzle,Drizzle,79.2,6.4,81.5,1011.8,4.0,58.5,Urban,68629,11,5.6951,4.1976,0.7656,18.517300970873787,73.84883980582525,Pune,,,,0.7589,WARNING,False
2026-01-21 20:17:34,782.4,Safari Storme EX,80.3,1113.18,14.4,44.0,68.4068744680851,6.195744680851091,14.21759574468085,0.7403,0,0,0.0,1.383,0.0,Smooth,26.3,Drizzle,Drizzle,79.2,6.4,81.5,1011.8,4.0,58.5,Urban,68629,11,5.6951,4.1975,0.7656,18.518391489361704,73.84876808510639,Pune,,,,0.7589,WARNING,False
2026-01-21 20:17:36,784.8,Safari Storme EX,80.5,1028.63,12.8,44.0,67.95743617021277,15.489361702127509,14.200489361702127,0.7403,0,0,0.0,1.278,0.0,Smooth,26.3,Drizzle,Drizzle,79.2,6.4,81.5,1011.8,4.0,58.5,Urban,68629,11,5.6951,4.1975,0.7656,18.521378723404254,73.84767021276596,Pune,,,,0.7589,WARNING,False
2026-01-21 20:17:39,787.2,Safari Storme EX,80.8,895.42,11.7,44.0,67.50799787234044,24.782978723403925,14.183382978723404,0.7403,0,0,0.0,1.236,0.0,Smooth,26.3,Drizzle,Drizzle,79.2,6.4,81.5,1011.8,4.0,58.5,Urban,68629,11,5.6951,4.1975,0.7656,18.524365957446808,73.84657234042554,Pune,,,,0.7589,WARNING,False
2026-01-21 20:17:41,789.6,Safari Storme EX,80.6,1029.43,12.9,44.0,67.05855957446809,34.07659574468078,14.166276595744682,0.7403,0,0,0.0,1.211,0.0,Smooth,26.3,Drizzle,Drizzle,79.2,6.4,81.5,1011.8,4.0,58.5,Urban,68629,11,5.695,4.1975,0.7656,18.52735319148936,73.84547446808511,Pune,,,,0.7589,WARNING,False
2026-01-21 20:17:44,792.0,Safari Storme EX,81.1,861.45,10.7,42.2,67.17378333333333,36.816666666666656,14.158333333333335,0.7467,0,0,0.0,1.391,0.0,Smooth,26.3,Drizzle,Drizzle,79.2,6.4,81.5,1011.8,4.0,58.5,Urban,68629,11,5.695,4.1975,0.7656,18.52815,73.84778333333334,Pune,,,,0.7589,WARNING,False
2026-01-21 20:17:46,794.4,Safari Storme EX,79.8,1094.41,9.2,42.2,67.47722777777777,37.372222222222206,14.153444444444446,0.7467,0,0,0.0,1.55,0.0,Smooth,26.3,Drizzle,Drizzle,79.2,6.4,81.5,1011.8,4.0,58.5,Urban,68629,11,5.695,4.1975,0.7656,18.528216666666665,73.85122777777778,Pune,,,,0.7589,WARNING,False
2026-01-21 20:17:48,796.8,Safari Storme EX,80.2,948.99,10.4,42.2,67.78067222222222,37.92777777777776,14.148555555555557,0.7467,0,0,0.0,1.395,0.0,Smooth,26.3,Drizzle,Drizzle,79.2,6.4,81.5,1011.8,4.0,58.5,Urban,68629,11,5.695,4.1975,0.7656,18.528283333333334,73.85467222222222,Pune,,,,0.7589,WARNING,False
2026-01-21 20:17:51,799.2,Safari Storme EX,81.0,1135.09,10.2,42.2,68.08411666666666,38.48333333333331,14.143666666666668,0.7467,0,0,0.0,1.363,0.0,Smooth,26.3,Drizzle,Drizzle,79.2,6.4,81.5,1011.8,4.0,58.5,Urban,68629,11,5.695,4.1975,0.7656,18.52835,73.85811666666666,Pune,,,,0.7589,WARNING,False
2026-01-21 20:17:53,801.6,Safari Storme EX,80.8,871.31,8.8,42.9,67.56344838709674,36.390322580645055,14.143741935483872,0.7344,0,0,0.0,0.817,0.0,Smooth,26.3,Drizzle,Drizzle,79.2,6.4,81.5,1011.8,4.0,58.5,Urban,68629,11,5.695,4.1975,0.7656,18.528045161290322,73.85997741935483,Pune,,,,0.7589,WARNING,False
2026-01-21 20:17:56,804.0,Safari Storme EX,81.1,978.51,13.0,42.9,64.57044193548386,26.351612903225742,14.158709677419356,0.7344,0,0,0.0,1.641,0.0,Smooth,26.3,Drizzle,Drizzle,79.2,6.4,81.5,1011.8,4.0,58.5,Urban,68629,11,5.695,4.1975,0.7656,18.526625806451612,73.8570870967742,Pune,,,,0.7589,WARNING,False
2026-01-21 20:17:58,806.4,Safari Storme EX,81.9,940.37,9.7,42.9,61.577435483870964,16.312903225806437,14.173677419354838,0.7344,0,0,0.0,1.569,0.0,Smooth,26.3,Drizzle,Drizzle,79.2,6.4,81.5,1011.8,4.0,58.5,Urban,68629,11,5.6949,4.1975,0.7656,18.525206451612902,73.85419677419355,Pune,,,,0.7589,WARNING,False
2026-01-21 20:18:00,808.8,Safari Storme EX,81.0,981.14,3.0,42.9,58.58442903225807,6.2741935483871245,14.188645161290323,0.7344,0,0,0.0,3.673,0.0,Smooth,26.3,Drizzle,Drizzle,79.2,6.4,81.5,1011.8,4.0,58.5,Urban,68629,11,5.6949,4.1975,0.7656,18.523787096774193,73.85130645161291,Pune,,,,0.7589,WARNING,False
2026-01-21 20:18:03,811.2,Safari Storme EX,81.5,750.0,1.9,47.9,57.937065306122406,3.636734693877434,14.197816326530612,0.7473,0,0,0.0,4.694,0.0,Stop-and-Go,26.3,Drizzle,Drizzle,79.2,6.4,81.5,1011.8,4.0,58.5,Urban,68629,11,5.6949,4.1975,0.7656,18.52214693877551,73.84926122448981,Pune,,,,0.7589,WARNING,False
2026-01-21 20:18:05,813.6,Safari Storme EX,81.9,750.0,2.7,47.9,61.19910612244904,13.334693877551205,14.197326530612244,0.7473,0,0,0.0,4.984,0.0,Stop-and-Go,26.3,Drizzle,Drizzle,79.2,6.4,81.5,1011.8,4.0,58.5,Urban,68629,11,5.6949,4.1974,0.7656,18.520138775510205,73.84862448979592,Pune,,,,0.7589,WARNING,False
2026-01-21 20:18:08,816.0,Safari Storme EX,81.3,867.82,4.9,47.9,64.46114693877551,23.032653061224515,14.196836734693878,0.7473,0,0,0.0,3.14,0.0,Smooth,26.3,Drizzle,Drizzle,79.2,6.4,81.5,1011.8,4.0,58.5,Urban,68629,11,5.6949,4.1974,0.7656,18.5181306122449,73.84798775510204,Pune,,,,0.7589,WARNING,False
2026-01-21 20:18:10,818.4,Safari Storme EX,80.9,1068.38,6.6,47.9,67.72318775510199,32.73061224489783,14.19634693877551,0.7473,0,0,0.0,1.904,0.0,Smooth,26.3,Drizzle,Drizzle,79.2,6.4,81.5,1011.8,4.0,58.5,Urban,68629,11,5.6949,4.1974,0.7656,18.516122448979594,73.84735102040817,Pune,,,,0.7589,WARNING,False
2026-01-21 20:18:12,820.8,Safari Storme EX,81.9,870.83,0.0,41.9,69.7796376237624,36.85544554455473,14.19489108910891,0.7372,0,0,0.0,2.58,0.1,Stop-and-Go,26.3,Drizzle,Drizzle,79.2,6.4,81.5,1011.8,4.0,58.5,Urban,68629,11,5.6949,4.1974,0.7656,18.51474158415842,73.84698316831684,Pune,,,,0.7589,WARNING,False
2026-01-21 20:18:15,823.2,Safari Storme EX,81.8,750.0,0.0,41.9,68.90822376237628,27.44554455445583,14.19108910891089,0.7372,0,0,0.0,2.938,0.2,Stop-and-Go,26.3,Drizzle,Drizzle,79.2,6.4,81.5,1011.8,4.0,58.5,Urban,68629,11,5.6948,4.1974,0.7656,18.514884158415843,73.84726831683169,Pune,,,,0.7589,WARNING,False
2026-01-21 20:18:17,825.6,Safari Storme EX,81.9,750.0,0.5,41.9,68.03680990099011,18.035643564356484,14.187287128712871,0.7372,0,0,0.0,3.123,0.2,Stop-and-Go,26.3,Drizzle,Drizzle,79.2,6.4,81.5,1011.8,4.0,58.5,Urban,68629,11,5.6948,4.1974,0.7656,18.515026732673267,73.84755346534654,Pune,,,,0.7589,WARNING,False
2026-01-21 20:18:20,828.0,Safari Storme EX,81.5,905.06,0.2,41.9,67.16539603960398,8.625742574257583,14.183485148514851,0.7372,0,0,0.0,2.881,0.2,Stop-and-Go,26.3,Drizzle,Drizzle,79.2,6.4,81.5,1011.8,4.0,58.5,Urban,68629,11,5.6948,4.1974,0.7656,18.515169306930694,73.84783861386138,Pune,,,,0.7589,WARNING,False
2026-01-21 20:18:22,830.4,Safari Storme EX,81.6,804.41,1.5,45.6,66.43562599999998,0.8279999999997175,14.181059999999999,0.7001,0,0,0.0,0.627,0.2,Stop-and-Go,26.3,Drizzle,Drizzle,79.2,6.4,81.5,1011.8,4.0,58.5,Urban,68629,11,5.6948,4.1974,0.7657,18.515574,73.848264,Pune,,,,0.7591,WARNING,False
2026-01-21 20:18:24,832.8,Safari Storme EX,81.7,750.0,0.5,45.6,67.26393799999997,10.763999999999623,14.19378,0.7001,0,0,0.0,0.577,0.2,Stop-and-Go,26.3,Drizzle,Drizzle,79.2,6.4,81.5,1011.8,4.0,58.5,Urban,68629,11,5.6948,4.1974,0.7657,18.518862,73.850232,Pune,,,,0.7591,WARNING,False
2026-01-21 20:18:27,835.2,Safari Storme EX,81.3,941.19,3.6,45.6,68.09224999999996,20.699999999999527,14.2065,0.7001,0,0,0.0,1.397,0.2,Smooth,26.3,Drizzle,Drizzle,79.2,6.4,81.5,1011.8,4.0,58.5,Urban,68629,11,5.6948,4.1974,0.7657,18.52215,73.8522,Pune,,,,0.7591,WARNING,False
2026-01-21 20:18:29,837.6,Safari Storme EX,82.5,750.0,0.0,45.6,68.92056199999999,30.635999999999903,14.21922,0.7001,0,0,0.0,1.481,0.3,Stop-and-Go,26.3,Drizzle,Drizzle,79.2,6.4,81.5,1011.8,4.0,58.5,Urban,68629,11,5.6947,4.1974,0.7657,18.525438,73.854168,Pune,,,,0.7591,WARNING,False
2026-01-21 20:18:32,840.0,Safari Storme EX,81.9,773.13,0.5,45.6,69.74887399999997,40.57199999999981,14.23194,0.7001,0,0,0.0,1.438,0.3,Stop-and-Go,26.3,Drizzle,Drizzle,79.2,6.4,81.5,1011.8,4.0,58.5,Urban,68629,11,5.6947,4.1974,0.7657,18.528726,73.856136,Pune,,,,0.7591,WARNING,False
2026-01-21 20:18:34,842.4,Safari Storme EX,81.9,903.14,0.9,45.7,67.51896600000006,40.19000000000003,14.22662,0.7457,0,0,0.0,1.434,0.3,Stop-and-Go,26.3,Drizzle,Drizzle,79.2,6.4,81.5,1011.8,4.0,58.5,Urban,68629,11,5.6947,4.1974,0.7657,18.527592,73.854056,Pune,,,,0.7591,WARNING,False
2026-01-21 20:18:36,844.8,Safari Storme EX,82.5,750.0,0.0,45.7,65.0110380000001,38.87000000000005,14.219660000000001,0.7457,0,0,0.0,1.502,0.3,Stop-and-Go,26.3,Drizzle,Drizzle,79.2,6.4,81.5,1011.8,4.0,58.5,Urban,68629,11,5.6947,4.1974,0.7657,18.526056,73.851608,Pune,,,,0.7591,WARNING,False
2026-01-21 20:18:39,847.2,Safari Storme EX,82.0,954.52,0.0,45.7,62.50311000000012,37.55000000000006,14.212700000000002,0.7457,0,0,0.0,0.409,0.3,Stop-and-Go,26.3,Drizzle,Drizzle,79.2,6.4,81.5,1011.8,4.0,58.5,Urban,68629,11,5.6947,4.1973,0.7657,18.52452,73.84916000000001,Pune,,,,0.7591,WARNING,False
2026-01-21 20:18:41,849.6,Safari Storme EX,82.3,750.0,2.1,45.7,59.99518200000003,36.23000000000001,14.20574,0.7457,0,0,0.0,0.869,0.3,Stop-and-Go,26.3,Drizzle,Drizzle,79.2,6.4,81.5,1011.8,4.0,58.5,Urban,68629,11,5.6947,4.1973,0.7657,18.522984,73.84671200000001,Pune,,,,0.7591,WARNING,False
2026-01-21 20:18:44,852.0,Safari Storme EX,81.9,750.0,0.0,44.2,54.034332692307814,32.31730769230777,14.19396153846154,0.7216,0,0,0.0,0.925,0.4,Stop-and-Go,26.3,Drizzle,Drizzle,79.2,6.4,81.5,1011.8,4.0,58.5,Urban,68629,11,5.6947,4.1973,0.7657,18.52343076923077,73.84788269230769,Pune,,,,0.7591,WARNING,False
2026-01-21 20:18:46,854.4,Safari Storme EX,82.1,782.49,0.0,44.2,46.92250961538479,27.54038461538473,14.180576923076924,0.7216,0,0,0.0,0.939,0.5,Stop-and-Go,26.3,Drizzle,Drizzle,79.2,6.4,81.5,1011.8,4.0,58.5,Urban,68629,11,5.6946,4.1973,0.7657,18.524538461538462,73.85025961538462,Pune,,,,0.7591,WARNING,False
2026-01-21 20:18:48,856.8,Safari Storme EX,82.7,888.84,2.5,44.2,39.810686538461766,22.76346153846169,14.167192307692309,0.7216,0,0,0.0,1.268,0.5,Stop-and-Go,26.3,Drizzle,Drizzle,79.2,6.4,81.5,1011.8,4.0,58.5,Urban,68629,11,5.6946,4.1973,0.7657,18.525646153846154,73.85263653846154,Pune,,,,0.7591,WARNING,False
2026-01-21 20:18:51,859.2,Safari Storme EX,82.7,844.32,5.1,44.2,32.698863461538735,17.986538461538647,14.153807692307694,0.7216,0,0,0.0,2.113,0.5,Smooth,26.3,Drizzle,Drizzle,79.2,6.4,81.5,1011.8,4.0,58.5,Urban,68629,11,5.6946,4.1973,0.7657,18.526753846153845,73.85501346153846,Pune,,,,0.7591,WARNING,False
2026-01-21 20:18:53,861.6,Safari Storme EX,82.3,847.65,9.5,41.1,27.85531,15.299999999999999,14.1521,0.7301,0,0,0.0,4.001,0.4,Stop-and-Go,26.3,Drizzle,Drizzle,79.2,6.4,81.5,1011.8,4.0,58.5,Urban,68629,11,5.6946,4.1973,0.7657,18.52625,73.85564,Pune,,,,0.7591,WARNING,False
2026-01-21 20:18:56,864.0,Safari Storme EX,82.2,988.15,14.7,41.1,26.187334000000014,15.539999999999997,14.16674,0.7301,0,0,0.0,5.838,0.4,Stop-and-Go,26.3,Drizzle,Drizzle,79.2,6.4,81.5,1011.8,4.0,58.5,Urban,68629,11,5.6946,4.1973,0.7657,18.52349,73.853816,Pune,,,,0.7591,WARNING,False
2026-01-21 20:18:58,866.4,Safari Storme EX,82.2,1404.84,17.2,41.1,24.519358000000032,15.779999999999994,14.18138,0.7301,0,0,0.0,6.21,0.4,Stop-and-Go,26.3,Drizzle,Drizzle,79.2,6.4,81.5,1011.8,4.0,58.5,Urban,68629,11,5.6946,4.1973,0.7657,18.52073,73.851992,Pune,,,,0.7591,WARNING,False
2026-01-21 20:19:00,868.8,Safari Storme EX,82.3,1369.52,19.2,41.1,22.851382000000047,16.019999999999992,14.19602,0.7301,0,0,0.0,5.778,0.3,Stop-and-Go,26.3,Drizzle,Drizzle,79.2,6.4,81.5,1011.8,4.0,58.5,Urban,68629,11,5.6946,4.1973,0.7657,18.51797,73.850168,Pune,,,,0.7591,WARNING,False
2026-01-21 20:19:03,871.2,Safari Storme EX,82.9,1701.55,25.2,44.3,22.012843749999938,16.31874999999998,14.203687500000001,0.7146,0,0,0.0,5.778,0.2,Smooth,26.3,Drizzle,Drizzle,79.2,6.4,81.5,1011.8,4.0,58.5,Urban,68629,11,5.6945,4.1973,0.7657,18.515749999999997,73.84909999999999,Pune,,,,0.7591,WARNING,False
2026-01-21 20:19:05,873.6,Safari Storme EX,82.4,1648.97,28.3,44.3,23.662618749999996,16.79375,14.1904375,0.7146,0,0,0.0,5.663,0.2,Smooth,26.3,Drizzle,Drizzle,79.2,6.4,81.5,1011.8,4.0,58.5,Urban,68629,11,5.6945,4.1973,0.7657,18.51515,73.8503,Pune,,,,0.7591,WARNING,False
2026-01-21 20:19:08,876.0,Safari Storme EX,82.3,750.0,1.9,44.3,25.312393749999977,17.268749999999994,14.1771875,0.7146,0,0,1.0,10.23,0.1,Stop-and-Go,26.3,Drizzle,Drizzle,79.2,6.4,81.5,1011.8,4.0,58.5,Urban,68629,11,5.6945,4.1973,0.7657,18.51455,73.8515,Pune,,,,0.7591,WARNING,False
2026-01-21 20:19:10,878.4,Safari Storme EX,81.6,1159.76,2.5,44.3,26.962168749999957,17.743749999999988,14.163937500000001,0.7146,0,0,0.0,12.505,0.0,Stop-and-Go,26.3,Drizzle,Drizzle,79.2,6.4,81.5,1011.8,4.0,58.5,Urban,68629,11,5.6945,4.1972,0.7657,18.51395,73.8527,Pune,,,,0.7591,WARNING,False
2026-01-21 20:19:12,880.8,Safari Storme EX,82.4,833.24,1.9,41.0,27.326136538461668,17.05576923076939,14.157403846153846,0.7337,0,0,0.0,13.548,0.0,Stop-and-Go,26.3,Drizzle,Drizzle,79.2,6.4,81.5,1011.8,4.0,58.5,Urban,68629,11,5.6945,4.1972,0.7657,18.513753846153847,73.85330576923077,Pune,,,,0.7591,WARNING,False
2026-01-21 20:19:15,883.2,Safari Storme EX,83.1,936.74,2.0,41.0,23.83268269230785,12.878846153846341,14.17101923076923,0.7337,0,0,0.0,11.731,0.0,Stop-and-Go,26.3,Drizzle,Drizzle,79.2,6.4,81.5,1011.8,4.0,58.5,Urban,68629,11,5.6945,4.1972,0.7657,18.514769230769232,73.85212884615385,Pune,,,,0.7591,WARNING,False
2026-01-21 20:19:17,885.6,Safari Storme EX,83.6,812.6,1.4,41.0,20.339228846153862,8.701923076923096,14.184634615384615,0.7337,0,0,0.0,0.391,0.0,Stop-and-Go,26.3,Drizzle,Drizzle,79.2,6.4,81.5,1011.8,4.0,58.5,Urban,68629,11,5.6944,4.1972,0.7657,18.515784615384614,73.85095192307692,Pune,,,,0.7591,WARNING,False
2026-01-21 20:19:20,888.0,Safari Storme EX,82.3,750.0,2.5,41.0,16.845775000000042,4.525000000000048,14.19825,0.7337,0,0,0.0,0.462,0.0,Stop-and-Go,26.3,Drizzle,Drizzle,79.2,6.4,81.5,1011.8,4.0,58.5,Urban,68629,11,5.6944,4.1972,0.7657,18.5168,73.84977500000001,Pune,,,,0.7591,WARNING,False
2026-01-21 20:19:22,890.4,Safari Storme EX,82.7,888.26,3.6,41.0,13.352321153846221,0.3480769230770022,14.211865384615384,0.7337,0,0,0.0,0.835,0.0,Stop-and-Go,26.3,Drizzle,Drizzle,79.2,6.4,81.5,1011.8,4.0,58.5,Urban,68629,11,5.6944,4.1972,0.7657,18.517815384615385,73.84859807692308,Pune,,,,0.7591,WARNING,False
2026-01-21 20:19:24,892.8,Safari Storme EX,82.8,750.0,0.4,41.5,13.0612,0.0,14.213,0.7299,0,0,0.0,1.197,0.0,Stop-and-Go,26.3,Drizzle,Drizzle,79.2,6.4,81.5,1011.8,4.0,58.5,Urban,68629,11,5.6944,4.1972,0.7657,18.5179,73.8485,Pune,,,,0.7591,WARNING,False
2026-01-21 20:19:27,895.2,Safari Storme EX,83.0,1037.36,8.0,43.1,59.8362,18.7899,14.2202,0.7346,0,0,0.0,2.948,0.0,Smooth,26.3074,Drizzle,Drizzle,79.2,6.411,81.4948,1011.8,4.0,58.5,Urban,68629,11,5.6944,4.1972,0.7657,18.51651030927835,73.85015979381443,Pune,,,,0.7591,WARNING,False
2026-01-21 20:19:29,897.6,Safari Storme EX,82.9,1343.59,16.2,40.6,95.8231,38.8875,14.0565,0.7286,0,0,0.0,6.271,0.0,Aggressive,26.2947,Drizzle,Drizzle,79.2,6.4054,81.5183,1011.8,4.0,58.5,Urban,68629,11,5.6944,4.1972,0.7657,18.514415533980582,73.85304660194174,Pune,,,,0.7591,WARNING,False
2026-01-21 20:19:32,900.0,Safari Storme EX,83.2,1522.37,21.5,46.0,78.9415,49.8888,14.1017,0.7379,0,0,0.0,8.772,0.0,Aggressive,26.2959,Drizzle,Drizzle,79.2,6.4057,81.5035,1011.8,4.0,58.5,Urban,68629,11,5.6944,4.1972,0.7657,18.510514285714287,73.85252857142858,Pune,,,,0.7591,WARNING,False
2026-01-21 20:19:34,902.4,Safari Storme EX,82.7,1565.64,25.7,42.7,89.3581,55.3605,14.1515,0.7343,0,0,0.0,10.226,0.0,Aggressive,26.3134,Drizzle,Drizzle,79.2,6.4102,81.5072,1011.8,4.0,58.5,Urban,68629,11,5.6943,4.1972,0.7657,18.517246153846152,73.85646153846155,Pune,,,,0.7591,WARNING,False
2026-01-21 20:19:36,904.8,Safari Storme EX,83.6,940.27,14.5,43.0,19.5251,0.7479,10.5352,0.726,0,0,0.0,6.776,0.0,Stop-and-Go,26.295,Drizzle,Drizzle,79.2,6.4139,81.4909,1011.8,4.0,58.5,Urban,68629,11,5.6943,4.1972,0.7657,18.51989150943396,73.85042264150943,Pune,,,,0.7591,WARNING,False
2026-01-21 20:19:39,907.2,Safari Storme EX,83.8,1442.71,19.4,46.7,78.3434,42.4514,14.1251,0.7514,0,0,0.0,4.425,0.0,Aggressive,26.3011,Drizzle,Drizzle,79.2,6.3944,81.5021,1011.8,4.0,58.5,Urban,68629,11,5.6943,4.1972,0.7657,18.51699900990099,73.84545346534654,Pune,,,,0.7591,WARNING,False
2026-01-21 20:19:41,909.6,Safari Storme EX,82.9,1540.16,25.2,46.0,78.0226,48.4793,14.1145,0.7379,0,0,0.0,4.595,0.0,Aggressive,26.3006,Drizzle,Drizzle,79.2,6.4081,81.5178,1011.8,4.0,58.5,Urban,68629,11,5.6943,4.1971,0.7657,18.510514285714287,73.85252857142858,Pune,,,,0.7591,WARNING,False
2026-01-21 20:19:44,912.0,Safari Storme EX,82.8,1012.3,13.7,44.3,21.6955,16.6757,14.2643,0.7146,0,0,0.0,5.687,0.0,Stop-and-Go,26.3111,Drizzle,Drizzle,79.2,6.3859,81.4905,1011.8,4.0,58.5,Urban,68629,11,5.6943,4.1971,0.7657,18.515749999999997,73.84909999999999,Pune,,,,0.7591,WARNING,False
2026-01-21 20:19:46,914.4,Safari Storme EX,83.3,879.93,14.3,45.6,69.3387,30.0612,14.1996,0.7433,0,0,0.0,4.913,0.0,Smooth,26.2962,Drizzle,Drizzle,79.2,6.4127,81.5044,1011.8,4.0,58.5,Urban,68629,11,5.6943,4.1971,0.7657,18.524188,73.846108,Pune,,,,0.7591,WARNING,False
2026-01-21 20:19:48,916.8,Safari Storme EX,83.3,1473.54,18.7,40.7,82.2949,53.2171,14.1991,0.7357,0,0,0.0,4.64,0.0,Aggressive,26.3078,Drizzle,Drizzle,79.2,6.43,81.5089,1011.8,4.0,58.5,Urban,68629,11,5.6943,4.1971,0.7657,18.51593804347826,73.85290869565218,Pune,,,,0.7591,WARNING,False
2026-01-21 20:19:51,919.2,Safari Storme EX,83.1,1462.18,23.9,46.0,78.3626,48.7463,14.1135,0.7379,0,0,0.0,5.305,0.0,Aggressive,26.3293,Drizzle,Drizzle,79.2,6.3894,81.5018,1011.8,4.0,58.5,Urban,68629,11,5.6942,4.1971,0.7657,18.510514285714287,73.85252857142858,Pune,,,,0.7591,WARNING,False
2026-01-21 20:19:53,921.6,Safari Storme EX,83.4,1486.21,25.4,47.1,83.5681,-0.4628,14.1908,0.7623,0,0,0.0,5.363,0.0,Aggressive,26.3008,Drizzle,Drizzle,79.2,6.3995,81.5051,1011.8,4.0,58.5,Urban,68629,11,5.6942,4.1971,0.7657,18.52994230769231,73.85232307692307,Pune,,,,0.7591,WARNING,False
2026-01-21 20:19:56,924.0,Safari Storme EX,84.0,1622.5,29.3,40.3,82.716,49.2841,14.1154,0.7489,0,0,0.0,5.876,0.0,Aggressive,26.3061,Drizzle,Drizzle,79.2,6.3824,81.5036,1011.8,4.0,58.5,Urban,68629,11,5.6942,4.1971,0.7657,18.521439047619047,73.86073999999999,Pune,,,,0.7591,WARNING,False
2026-01-21 20:19:58,926.4,Safari Storme EX,82.9,1632.92,32.1,46.4,82.6474,17.7133,14.1544,0.7347,0,0,0.0,5.15,0.0,Aggressive,26.3023,Drizzle,Drizzle,79.2,6.3938,81.5042,1011.8,4.0,58.5,Urban,68629,11,5.6942,4.1971,0.7657,18.52299157894737,73.85173789473684,Pune,,,,0.7591,WARNING,False
2026-01-21 20:20:00,928.8,Safari Storme EX,83.3,1413.11,19.4,42.3,21.792,10.4683,14.1399,0.7204,0,0,1.0,4.91,0.0,Stop-and-Go,26.293,Drizzle,Drizzle,79.2,6.3854,81.4983,1011.8,4.0,58.5,Urban,68629,11,5.6942,4.1971,0.7657,18.520301,73.860882,Pune,,,,0.7591,WARNING,False
2026-01-21 20:20:03,931.2,Safari Storme EX,84.2,1323.12,15.5,42.5,57.2424,-0.0122,14.1279,0.7595,0,0,0.0,6.865,0.0,Smooth,26.2854,Drizzle,Drizzle,79.2,6.3941,81.502,1011.8,4.0,58.5,Urban,68629,11,5.6942,4.1971,0.7657,18.517033333333334,73.84876666666666,Pune,,,,0.7591,WARNING,False
2026-01-21 20:20:05,933.6,Safari Storme EX,83.5,1116.12,7.9,41.9,68.1263,8.5647,14.203,0.7372,0,0,0.0,9.955,0.0,Smooth,26.3018,Drizzle,Drizzle,79.2,6.408,81.4926,1011.8,4.0,58.5,Urban,68629,11,5.6941,4.1971,0.7657,18.515169306930694,73.84783861386138,Pune,,,,0.7591,WARNING,False
2026-01-21 20:20:08,936.0,Safari Storme EX,83.3,1438.67,19.5,43.9,93.7776,9.2693,14.1289,0.7376,0,0,0.0,8.767,0.0,Aggressive,26.3036,Drizzle,Drizzle,79.2,6.4186,81.4947,1011.8,4.0,58.5,Urban,68629,11,5.6941,4.1971,0.7657,18.527695918367346,73.84981632653061,Pune,,,,0.7591,WARNING,False
2026-01-21 20:20:10,938.4,Safari Storme EX,84.2,976.7,13.3,42.3,19.246,14.2357,14.1546,0.7204,0,0,0.0,4.824,0.0,Stop-and-Go,26.3125,Drizzle,Drizzle,79.2,6.4129,81.5129,1011.8,4.0,58.5,Urban,68629,11,5.6941,4.1971,0.7657,18.518645,73.86429,Pune,,,,0.7591,WARNING,False
2026-01-21 20:20:12,940.8,Safari Storme EX,83.4,1053.15,11.7,42.2,67.7691,39.9205,14.167,0.7467,0,0,0.0,4.319,0.0,Smooth,26.3251,Drizzle,Drizzle,79.2,6.4092,81.5063,1011.8,4.0,58.5,Urban,68629,11,5.6941,4.1971,0.7657,18.52835,73.85811666666666,Pune,,,,0.7591,WARNING,False
2026-01-21 20:20:15,943.2,Safari Storme EX,83.8,1231.37,16.2,47.2,67.1417,-0.3412,14.1424,0.735,0,0,0.0,4.407,0.0,Smooth,26.3064,Drizzle,Drizzle,79.2,6.3967,81.4905,1011.8,4.0,58.5,Urban,68629,11,5.6941,4.197,0.7657,18.52066530612245,73.85363367346939,Pune,,,,0.7591,WARNING,False
2026-01-21 20:20:17,945.6,Safari Storme EX,83.8,1397.16,18.1,44.8,70.7792,40.8298,14.164,0.7561,0,0,0.0,3.248,0.0,Aggressive,26.3024,Drizzle,Drizzle,79.2,6.4057,81.5109,1011.8,4.0,58.5,Urban,68629,11,5.6941,4.197,0.7657,18.517435294117647,73.85295882352942,Pune,,,,0.7591,WARNING,False
2026-01-21 20:20:20,948.0,Safari Storme EX,84.4,1419.9,20.2,43.9,87.9957,51.1912,14.2055,0.7369,0,0,0.0,3.458,0.0,Aggressive,26.2975,Drizzle,Drizzle,79.2,6.3968,81.4852,1011.8,4.0,58.5,Urban,68629,11,5.6941,4.197,0.7657,18.520934736842104,73.84831789473684,Pune,,,,0.7591,WARNING,False
2026-01-21 20:20:22,950.4,Safari Storme EX,84.3,1572.75,22.8,47.9,80.4983,52.5996,14.1457,0.7338,0,0,0.0,4.202,0.0,Aggressive,26.2914,Drizzle,Drizzle,79.2,6.4024,81.5087,1011.8,4.0,58.5,Urban,68629,11,5.694,4.197,0.7657,18.51915,73.84621603773586,Pune,,,,0.7591,WARNING,False
2026-01-21 20:20:24,952.8,Safari Storme EX,84.4,1503.39,21.8,43.9,61.9728,36.0743,14.1491,0.7339,0,0,0.0,2.693,0.0,Smooth,26.2994,Drizzle,Drizzle,79.2,6.392,81.4873,1011.8,4.0,58.5,Urban,68629,11,5.694,4.197,0.7657,18.517947368421055,73.84157263157894,Pune,,,,0.7591,WARNING,False
2026-01-21 20:20:27,955.2,Safari Storme EX,84.0,1635.48,28.7,41.7,88.81,52.9948,14.1989,0.7325,0,0,0.0,3.985,0.0,Aggressive,26.2789,Drizzle,Drizzle,79.2,6.3953,81.4957,1011.8,4.0,58.5,Urban,68629,11,5.694,4.197,0.7657,18.51710303030303,73.84868484848485,Pune,,,,0.7591,WARNING,False
2026-01-21 20:20:29,957.6,Safari Storme EX,84.0,1637.98,29.0,43.3,95.9023,56.8135,14.2203,0.7445,0,0,0.0,4.079,0.0,Aggressive,26.3085,Drizzle,Drizzle,79.2,6.411,81.5025,1011.8,4.0,58.5,Urban,68629,11,5.694,4.197,0.7658,18.521377570093456,73.85502429906542,Pune,,,,0.7594,WARNING,False
2026-01-21 20:20:32,960.0,Safari Storme EX,84.3,1293.55,18.3,41.3,62.1943,22.3916,14.1384,0.7434,0,0,0.0,4.631,0.0,Smooth,26.3033,Drizzle,Drizzle,79.2,6.3892,81.4801,1011.8,4.0,58.5,Urban,68629,11,5.694,4.197,0.7658,18.518320408163266,73.84503469387755,Pune,,,,0.7594,WARNING,False
2026-01-21 20:20:34,962.4,Safari Storme EX,83.9,1549.96,23.2,44.2,71.3646,42.5422,14.1399,0.7255,0,0,0.0,4.606,0.0,Aggressive,26.3075,Drizzle,Drizzle,79.2,6.3918,81.4957,1011.8,4.0,58.5,Urban,68629,11,5.694,4.197,0.7658,18.519401923076924,73.84338269230769,Pune,,,,0.7594,WARNING,False
2026-01-21 20:20:36,964.8,Safari Storme EX,84.1,1445.96,22.3,41.5,63.9438,37.705,14.1768,0.7388,0,0,0.0,4.546,0.0,Smooth,26.286,Drizzle,Drizzle,79.2,6.384,81.4952,1011.8,4.0,58.5,Urban,68629,11,5.694,4.197,0.7658,18.522982857142857,73.84871142857142,Pune,,,,0.7594,WARNING,False
2026-01-21 20:20:39,967.2,Safari Storme EX,85.0,1548.61,24.6,44.9,91.0087,55.1434,14.1346,0.7295,0,0,0.0,3.874,0.0,Aggressive,26.3036,Drizzle,Drizzle,79.2,6.3926,81.498,1011.8,4.0,58.5,Urban,68629,11,5.6939,4.197,0.7658,18.52231,73.850484,Pune,,,,0.7594,WARNING,False
2026-01-21 20:20:41,969.6,Safari Storme EX,84.5,1393.79,17.2,47.0,61.1784,-1.3278,14.1875,0.7399,0,0,0.0,3.207,0.0,Smooth,26.2914,Drizzle,Drizzle,79.2,6.4023,81.5059,1011.8,4.0,58.5,Urban,68629,11,5.6939,4.197,0.7658,18.525173267326732,73.84672772277227,Pune,,,,0.7594,WARNING,False
2026-01-21 20:20:44,972.0,Safari Storme EX,84.0,1649.63,23.1,42.3,89.3881,14.8525,14.1539,0.742,0,0,0.0,2.851,0.0,Aggressive,26.3085,Drizzle,Drizzle,79.2,6.3796,81.51,1011.8,4.0,58.5,Urban,68629,11,5.6939,4.197,0.7658,18.52353,73.850439,Pune,,,,0.7594,WARNING,False
2026-01-21 20:20:46,974.4,Safari Storme EX,83.9,1703.13,32.6,43.7,91.4277,10.2768,14.1687,0.7391,0,0,0.0,5.573,0.0,Aggressive,26.2871,Drizzle,Drizzle,79.2,6.4088,81.4952,1011.8,4.0,58.5,Urban,68629,11,5.6939,4.1969,0.7658,18.527866666666668,73.85021666666667,Pune,,,,0.7594,WARNING,False
2026-01-21 20:20:48,976.8,Safari Storme EX,84.7,1457.79,23.6,43.1,58.461,12.4995,14.1759,0.7346,0,0,0.0,5.507,0.0,Smooth,26.3089,Drizzle,Drizzle,79.2,6.3976,81.4875,1011.8,4.0,58.5,Urban,68629,11,5.6939,4.1969,0.7658,18.517277319587627,73.85124845360825,Pune,,,,0.7594,WARNING,False
2026-01-21 20:20:51,979.2,Safari Storme EX,84.5,1629.38,24.2,40.3,83.7472,50.845,14.1138,0.7567,0,0,0.0,5.503,0.0,Aggressive,26.301,Drizzle,Drizzle,79.2,6.3962,81.5041,1011.8,4.0,58.5,Urban,68629,11,5.6939,4.1969,0.7658,18.52016504854369,73.85100194174757,Pune,,,,0.7594,WARNING,False
2026-01-21 20:20:53,981.6,Safari Storme EX,84.2,1434.56,19.0,42.5,58.3973,1.0763,14.1755,0.7595,0,0,0.0,4.968,0.0,Smooth,26.3044,Drizzle,Drizzle,79.2,6.4018,81.5088,1011.8,4.0,58.5,Urban,68629,11,5.6938,4.1969,0.7658,18.520233333333334,73.84831960784314,Pune,,,,0.7594,WARNING,False
2026-01-21 20:20:56,984.0,Safari Storme EX,84.6,1518.75,19.4,44.7,75.9861,-0.8462,14.2027,0.7382,0,0,0.0,5.478,0.0,Aggressive,26.329,Drizzle,Drizzle,79.2,6.4007,81.4897,1011.8,4.0,58.5,Urban,68629,11,5.6938,4.1969,0.7658,18.518551923076924,73.8476951923077,Pune,,,,0.7594,WARNING,False
2026-01-21 20:20:58,986.4,Safari Storme EX,84.9,1541.71,16.5,42.7,56.0795,38.2807,14.0998,0.7325,0,0,0.0,3.269,0.0,Smooth,26.2892,Drizzle,Drizzle,79.2,6.4016,81.4882,1011.8,4.0,58.5,Urban,68629,11,5.6938,4.1969,0.7658,18.523858878504672,73.84666822429907,Pune,,,,0.7594,WARNING,False
2026-01-21 20:21:00,988.8,Safari Storme EX,84.9,1076.87,10.8,42.5,60.8975,36.262,14.0587,0.7323,0,0,0.0,4.886,0.0,Smooth,26.2984,Drizzle,Drizzle,79.2,6.3978,81.5062,1011.8,4.0,58.5,Urban,68629,11,5.6938,4.1969,0.7658,18.522074999999997,73.843,Pune,,,,0.7594,WARNING,False
2026-01-21 20:21:03,991.2,Safari Storme EX,84.4,917.52,13.9,43.9,67.2941,38.7191,14.1634,0.7339,0,0,0.0,3.613,0.0,Smooth,26.3006,Drizzle,Drizzle,79.2,6.3965,81.4786,1011.8,4.0,58.5,Urban,68629,11,5.6938,4.1969,0.7658,18.518705263157894,73.8475347368421,Pune,,,,0.7594,WARNING,False
2026-01-21 20:21:05,993.6,Safari Storme EX,84.0,1448.08,17.2,41.1,85.3527,51.2335,14.1385,0.7557,0,0,0.0,3.307,0.0,Aggressive,26.3109,Drizzle,Drizzle,79.2,6.3988,81.5039,1011.8,4.0,58.5,Urban,68629,11,5.6938,4.1969,0.7658,18.521482653061224,73.84886224489796,Pune,,,,0.7594,WARNING,False
2026-01-21 20:21:08,996.0,Safari Storme EX,84.1,1552.36,27.8,47.1,86.683,-0.3328,14.1812,0.7623,0,0,0.0,6.417,0.0,Aggressive,26.3076,Drizzle,Drizzle,79.2,6.4047,81.4854,1011.8,4.0,58.5,Urban,68629,11,5.6938,4.1969,0.7658,18.524334615384614,73.85564615384615,Pune,,,,0.7594,WARNING,False
2026-01-21 20:21:10,998.4,Safari Storme EX,85.0,771.84,14.2,47.0,57.8889,-0.0771,14.2096,0.7399,0,0,1.0,6.564,0.0,Smooth,26.3153,Drizzle,Drizzle,79.2,6.4021,81.4866,1011.8,4.0,58.5,Urban,68629,11,5.6937,4.1969,0.7658,18.525600990099008,73.84708415841584,Pune,,,,0.7594,WARNING,False
2026-01-21 20:21:12,1000.8,Safari Storme EX,85.7,1630.12,25.8,47.1,86.275,-1.8632,14.1956,0.7623,0,0,0.0,6.575,0.0,Aggressive,26.3095,Drizzle,Drizzle,79.2,6.4141,81.4932,1011.8,4.0,58.5,Urban,68629,11,5.6937,4.1969,0.7658,18.526203846153845,73.85453846153847,Pune,,,,0.7594,WARNING,False
2026-01-21 20:21:15,1003.2,Safari Storme EX,84.6,1570.67,22.1,43.1,59.0903,11.2533,14.1,0.7346,0,0,0.0,5.707,0.0,Smooth,26.2911,Drizzle,Drizzle,79.2,6.4024,81.4955,1011.8,4.0,58.5,Urban,68629,11,5.6937,4.1969,0.7658,18.517277319587627,73.85124845360825,Pune,,,,0.7594,WARNING,False
2026-01-21 20:21:17,1005.6,Safari Storme EX,85.3,1455.35,22.9,47.7,84.4603,49.097,14.1804,0.7536,0,0,0.0,5.2,0.0,Aggressive,26.304,Drizzle,Drizzle,79.2,6.3925,81.4939,1011.8,4.0,58.5,Urban,68629,11,5.6937,4.1968,0.7658,18.52041075268817,73.85864838709676,Pune,,,,0.7594,WARNING,False
2026-01-21 20:21:20,1008.0,Safari Storme EX,84.6,1352.43,18.2,43.3,72.2406,30.347,14.212,0.7339,0,0,0.0,4.508,0.0,Aggressive,26.3147,Drizzle,Drizzle,79.2,6.4016,81.5026,1011.8,4.0,58.5,Urban,68629,11,5.6937,4.1968,0.7658,18.52605294117647,73.84074117647059,Pune,,,,0.7594,WARNING,False
2026-01-21 20:21:22,1010.4,Safari Storme EX,84.3,873.36,11.9,43.3,22.022,9.4717,10.6844,0.7347,0,0,0.0,5.365,0.0,Stop-and-Go,26.2893,Drizzle,Drizzle,79.2,6.3897,81.5077,1011.8,4.0,58.5,Urban,68629,11,5.6937,4.1968,0.7658,18.522781188118813,73.84672673267328,Pune,,,,0.7594,WARNING,False
2026-01-21 20:21:24,1012.8,Safari Storme EX,85.2,814.61,10.7,42.9,60.9776,16.2975,14.1806,0.7344,0,0,0.0,5.653,0.0,Smooth,26.2985,Drizzle,Drizzle,79.2,6.4122,81.4792,1011.8,4.0,58.5,Urban,68629,11,5.6937,4.1968,0.7658,18.525206451612902,73.85419677419355,Pune,,,,0.7594,WARNING,False
2026-01-21 20:21:27,1015.2,Safari Storme EX,84.9,1533.74,20.4,45.7,92.2309,47.3755,14.2113,0.734,0,0,0.0,5.323,0.0,Aggressive,26.293,Drizzle,Drizzle,79.2,6.3881,81.483,1011.8,4.0,58.5,Urban,68629,11,5.6936,4.1968,0.7658,18.523223157894737,73.85938315789474,Pune,,,,0.7594,WARNING,False
2026-01-21 20:21:29,1017.6,Safari Storme EX,85.2,1574.68,22.8,41.4,81.6778,48.0204,14.1634,0.7272,0,0,0.0,5.295,0.0,Aggressive,26.304,Drizzle,Drizzle,79.2,6.3992,81.5004,1011.8,4.0,58.5,Urban,68629,11,5.6936,4.1968,0.7658,18.524340816326532,73.85383061224489,Pune,,,,0.7594,WARNING,False
2026-01-21 20:21:32,1020.0,Safari Storme EX,84.8,754.11,14.4,44.2,33.052,19.9715,14.1395,0.7216,0,0,0.0,5.316,0.0,Smooth,26.3048,Drizzle,Drizzle,79.2,6.3965,81.5054,1011.8,4.0,58.5,Urban,68629,11,5.6936,4.1968,0.7658,18.526753846153845,73.85501346153846,Pune,,,,0.7594,WARNING,False
2026-01-21 20:21:34,1022.4,Safari Storme EX,85.3,1030.7,13.1,41.9,67.7517,8.5059,14.2098,0.7372,0,0,0.0,5.106,0.0,Smooth,26.2841,Drizzle,Drizzle,79.2,6.3869,81.4975,1011.8,4.0,58.5,Urban,68630,11,5.6936,4.1968,0.7658,18.515169306930694,73.84783861386138,Pune,,,,0.7594,WARNING,False
2026-01-21 20:21:36,1024.8,Safari Storme EX,85.9,972.3,13.1,47.9,59.8234,4.194,14.185,0.7473,0,0,0.0,4.53,0.0,Smooth,26.2796,Drizzle,Drizzle,79.2,6.3776,81.5053,1011.8,4.0,58.5,Urban,68630,11,5.6936,4.1968,0.7658,18.52214693877551,73.84926122448981,Pune,,,,0.7594,WARNING,False
2026-01-21 20:21:39,1027.2,Safari Storme EX,85.2,864.04,8.3,44.3,25.2705,17.5286,14.1542,0.7146,0,0,0.0,5.271,0.0,Stop-and-Go,26.3089,Drizzle,Drizzle,79.2,6.4006,81.4936,1011.8,4.0,58.5,Urban,68630,11,5.6936,4.1968,0.7658,18.51455,73.8515,Pune,,,,0.7594,WARNING,False
2026-01-21 20:21:41,1029.6,Safari Storme EX,85.3,1375.86,16.8,43.9,85.4408,46.4211,14.1036,0.7376,0,0,0.0,3.099,0.0,Aggressive,26.2994,Drizzle,Drizzle,79.2,6.4284,81.4795,1011.8,4.0,58.5,Urban,68630,11,5.6935,4.1968,0.7658,18.526961224489796,73.84915510204083,Pune,,,,0.7594,WARNING,False
2026-01-21 20:21:44,1032.0,Safari Storme EX,85.6,830.67,14.2,42.5,53.3992,37.7996,14.079,0.7323,0,0,0.0,3.08,0.0,Smooth,26.2966,Drizzle,Drizzle,79.2,6.3884,81.4982,1011.8,4.0,58.5,Urban,68630,11,5.6935,4.1968,0.7658,18.524324999999997,73.846,Pune,,,,0.7594,WARNING,False
2026-01-21 20:21:46,1034.4,Safari Storme EX,85.9,942.82,9.1,41.9,69.9174,36.7081,14.2205,0.7372,0,0,0.0,3.562,0.0,Smooth,26.3021,Drizzle,Drizzle,79.2,6.4034,81.4968,1011.8,4.0,58.5,Urban,68630,11,5.6935,4.1968,0.7658,18.51474158415842,73.84698316831684,Pune,,,,0.7594,WARNING,False
2026-01-21 20:21:48,1036.8,Safari Storme EX,84.6,1041.22,12.6,43.3,71.5064,31.8353,14.1938,0.7339,0,0,0.0,3.54,0.0,Aggressive,26.2811,Drizzle,Drizzle,79.2,6.4104,81.4976,1011.8,4.0,58.5,Urban,68630,11,5.6935,4.1968,0.7658,18.52605294117647,73.84074117647059,Pune,,,,0.7594,WARNING,False
2026-01-21 20:21:51,1039.2,Safari Storme EX,85.7,1447.17,19.3,46.4,86.5653,45.6313,14.2149,0.7347,0,0,0.0,3.91,0.0,Aggressive,26.3126,Drizzle,Drizzle,79.2,6.3927,81.5121,1011.8,4.0,58.5,Urban,68630,11,5.6935,4.1967,0.7658,18.52177894736842,73.84759473684211,Pune,,,,0.7594,WARNING,False
2026-01-21 20:21:53,1041.6,Safari Storme EX,85.5,1067.83,11.9,43.5,16.29,2.4336,10.8217,0.7393,0,0,0.0,3.769,0.0,Stop-and-Go,26.2904,Drizzle,Drizzle,79.2,6.3886,81.5051,1011.8,4.0,58.5,Urban,68630,11,5.6935,4.1967,0.7658,18.518936999999998,73.852533,Pune,,,,0.7594,WARNING,False
2026-01-21 20:21:56,1044.0,Safari Storme EX,85.5,1056.66,12.4,43.1,59.4621,13.0205,14.2324,0.7346,0,0,0.0,3.762,0.0,Smooth,26.2981,Drizzle,Drizzle,79.2,6.4028,81.5028,1011.8,4.0,58.5,Urban,68630,11,5.6935,4.1967,0.7658,18.517277319587627,73.85124845360825,Pune,,,,0.7594,WARNING,False
2026-01-21 20:21:58,1046.4,Safari Storme EX,85.6,927.57,14.8,43.9,84.8535,49.3424,14.1549,0.7369,0,0,0.0,3.06,0.0,Aggressive,26.3165,Drizzle,Drizzle,79.2,6.3865,81.4948,1011.8,4.0,58.5,Urban,68630,11,5.6934,4.1967,0.7658,18.51952,73.84948,Pune,,,,0.7594,WARNING,False
2026-01-21 20:22:00,1048.8,Safari Storme EX,85.7,1395.24,18.6,41.1,84.7763,51.1916,14.0528,0.7557,0,0,0.0,3.43,0.0,Aggressive,26.307,Drizzle,Drizzle,79.2,6.3905,81.4893,1011.8,4.0,58.5,Urban,68630,11,5.6934,4.1967,0.7658,18.521482653061224,73.84886224489796,Pune,,,,0.7594,WARNING,False
2026-01-21 20:22:03,1051.2,Safari Storme EX,85.9,1502.88,23.7,47.8,98.5159,54.8884,14.1791,0.7411,0,0,0.0,4.921,0.0,Aggressive,26.2808,Drizzle,Drizzle,79.2,6.4016,81.5154,1011.8,4.0,58.5,Urban,68630,11,5.6934,4.1967,0.7658,18.52412110091743,73.84436055045872,Pune,,,,0.7594,WARNING,False
2026-01-21 20:22:05,1053.6,Safari Storme EX,85.5,1443.71,17.9,44.2,88.116,56.1869,14.136,0.7255,0,0,0.0,4.275,0.0,Aggressive,26.2979,Drizzle,Drizzle,79.2,6.4049,81.504,1011.8,4.0,58.5,Urban,68630,11,5.6934,4.1967,0.7658,18.517832692307692,73.85270576923078,Pune,,,,0.7594,WARNING,False
2026-01-21 20:22:08,1056.0,Safari Storme EX,85.4,1508.02,23.6,41.4,81.2719,48.694,14.1647,0.7272,0,0,0.0,3.862,0.0,Aggressive,26.2958,Drizzle,Drizzle,79.2,6.4011,81.5083,1011.8,4.0,58.5,Urban,68630,11,5.6934,4.1967,0.7658,18.524340816326532,73.85383061224489,Pune,,,,0.7594,WARNING,False
2026-01-21 20:22:10,1058.4,Safari Storme EX,86.1,1506.88,23.4,40.3,81.6422,47.0069,14.1788,0.7489,0,0,0.0,2.925,0.0,Aggressive,26.2905,Drizzle,Drizzle,79.2,6.4144,81.5025,1011.8,4.0,58.5,Urban,68630,11,5.6934,4.1967,0.7658,18.52518761904762,73.85498,Pune,,,,0.7594,WARNING,False
2026-01-21 20:22:12,1060.8,Safari Storme EX,85.9,1598.11,28.5,44.6,97.4754,-0.6557,14.2341,0.7338,0,0,0.0,3.755,0.0,Aggressive,26.276,Drizzle,Drizzle,79.2,6.389,81.4933,1011.8,4.0,58.5,Urban,68630,11,5.6933,4.1967,0.7658,18.528675,73.8489,Pune,,,,0.7594,WARNING,False
2026-01-21 20:22:15,1063.2,Safari Storme EX,86.2,1356.73,19.0,45.6,67.0102,18.1888,14.2099,0.7433,0,0,0.0,4.226,0.0,Smooth,26.2973,Drizzle,Drizzle,79.2,6.3981,81.5016,1011.8,4.0,58.5,Urban,68630,11,5.6933,4.1967,0.7658,18.52198,73.84858,Pune,,,,0.7594,WARNING,False
2026-01-21 20:22:17,1065.6,Safari Storme EX,86.0,1545.57,24.9,42.7,88.4657,55.2653,14.1207,0.7343,0,0,0.0,3.41,0.0,Aggressive,26.2886,Drizzle,Drizzle,79.2,6.3946,81.4943,1011.8,4.0,58.5,Urban,68630,11,5.6933,4.1967,0.7658,18.517246153846152,73.85646153846155,Pune,,,,0.7594,WARNING,False
2026-01-21 20:22:20,1068.0,Safari Storme EX,85.3,1278.79,21.1,43.9,67.8387,40.4024,14.232,0.7339,0,0,0.0,3.637,0.0,Smooth,26.3051,Drizzle,Drizzle,79.2,6.3942,81.4921,1011.8,4.0,58.5,Urban,68630,11,5.6933,4.1967,0.7658,18.518705263157894,73.8475347368421,Pune,,,,0.7594,WARNING,False
2026-01-21 20:22:22,1070.4,Safari Storme EX,86.0,847.11,13.5,46.1,25.4655,-0.7018,14.255,0.7431,0,0,0.0,5.721,0.0,Stop-and-Go,26.2811,Drizzle,Drizzle,79.2,6.3934,81.5137,1011.8,4.0,58.5,Urban,68630,11,5.6933,4.1966,0.7658,18.525190625,73.85075,Pune,,,,0.7594,WARNING,False
2026-01-21 20:22:24,1072.8,Safari Storme EX,86.2,860.68,9.1,46.1,37.5351,-0.0119,14.2517,0.7431,0,0,0.0,6.256,0.0,Smooth,26.3047,Drizzle,Drizzle,79.2,6.386,81.4787,1011.8,4.0,58.5,Urban,68630,11,5.6933,4.1966,0.7658,18.524965625,73.84955000000001,Pune,,,,0.7594,WARNING,False
2026-01-21 20:22:27,1075.2,Safari Storme EX,85.2,1501.87,17.8,41.9,89.4342,56.3836,14.1972,0.726,0,0,0.0,6.207,0.0,Aggressive,26.3225,Drizzle,Drizzle,79.2,6.3892,81.5095,1011.8,4.0,58.5,Urban,68630,11,5.6933,4.1966,0.7658,18.525177894736842,73.84992631578947,Pune,,,,0.7594,WARNING,False
2026-01-21 20:22:29,1077.6,Safari Storme EX,85.5,1560.28,20.0,45.1,93.5762,24.8792,14.2,0.7274,0,0,0.0,4.966,0.0,Aggressive,26.2956,Drizzle,Drizzle,79.2,6.4061,81.4955,1011.8,4.0,58.5,Urban,68630,11,5.6932,4.1966,0.7658,18.524302040816327,73.85418775510205,Pune,,,,0.7594,WARNING,False
2026-01-21 20:22:32,1080.0,Safari Storme EX,86.7,1507.54,24.4,44.7,79.7972,44.8914,14.1769,0.7296,0,0,0.0,5.896,0.0,Aggressive,26.3246,Drizzle,Drizzle,79.2,6.4079,81.4883,1011.8,4.0,58.5,Urban,68630,11,5.6932,4.1966,0.7658,18.52013,73.84008999999999,Pune,,,,0.7594,WARNING,False
2026-01-21 20:22:34,1082.4,Safari Storme EX,86.7,1761.78,26.7,41.1,86.0659,51.6458,14.076,0.7557,0,0,0.0,6.839,0.0,Aggressive,26.2913,Drizzle,Drizzle,79.2,6.4041,81.4949,1011.8,4.0,58.5,Urban,68630,11,5.6932,4.1966,0.7658,18.521482653061224,73.84886224489796,Pune,,,,0.7594,WARNING,False
2026-01-21 20:22:36,1084.8,Safari Storme EX,85.7,1307.26,16.0,42.3,19.5699,9.08,14.2291,0.7204,0,0,0.0,4.48,0.0,Stop-and-Go,26.3056,Drizzle,Drizzle,79.2,6.4107,81.5109,1011.8,4.0,58.5,Urban,68630,11,5.6932,4.1966,0.7659,18.520301,73.860882,Pune,,,,0.7597,WARNING,False
2026-01-21 20:22:39,1087.2,Safari Storme EX,86.9,1513.15,20.8,40.6,85.7067,14.5221,14.1383,0.7501,0,0,0.0,4.135,0.0,Aggressive,26.3066,Drizzle,Drizzle,79.2,6.3981,81.5081,1011.8,4.0,58.5,Urban,68630,11,5.6932,4.1966,0.7659,18.527095833333334,73.8528,Pune,,,,0.7597,WARNING,False
2026-01-21 20:22:41,1089.6,Safari Storme EX,84.8,973.85,13.3,47.0,55.7731,1.1827,14.1528,0.7399,0,0,0.0,5.601,0.0,Smooth,26.2892,Drizzle,Drizzle,79.2,6.3988,81.5076,1011.8,4.0,58.5,Urban,68630,11,5.6932,4.1966,0.7659,18.526028712871287,73.8474405940594,Pune,,,,0.7597,WARNING,False
2026-01-21 20:22:44,1092.0,Safari Storme EX,86.8,1569.22,21.5,44.6,96.2104,-2.124,14.1668,0.7338,0,0,0.0,5.198,0.0,Aggressive,26.2865,Drizzle,Drizzle,79.2,6.3868,81.493,1011.8,4.0,58.5,Urban,68630,11,5.6932,4.1966,0.7659,18.527728846153845,73.84843846153846,Pune,,,,0.7597,WARNING,False
2026-01-21 20:22:46,1094.4,Safari Storme EX,85.8,1393.61,15.8,41.3,62.1616,15.0261,14.0756,0.7434,0,0,0.0,3.524,0.0,Smooth,26.2932,Drizzle,Drizzle,79.2,6.3854,81.4874,1011.8,4.0,58.5,Urban,68630,11,5.6931,4.1966,0.7659,18.516067346938776,73.84672448979592,Pune,,,,0.7597,WARNING,False
2026-01-21 20:22:48,1096.8,Safari Storme EX,87.0,1404.03,19.7,40.3,82.8589,50.4097,14.2406,0.7567,0,0,0.0,3.524,0.0,Aggressive,26.2927,Drizzle,Drizzle,79.2,6.3968,81.518,1011.8,4.0,58.5,Urban,68630,11,5.6931,4.1966,0.7659,18.519,73.8524,Pune,,,,0.7597,WARNING,False
2026-01-21 20:22:51,1099.2,Safari Storme EX,86.1,982.76,13.7,44.2,53.5967,32.3412,14.2173,0.7216,0,0,0.0,3.652,0.0,Smooth,26.3125,Drizzle,Drizzle,79.2,6.4177,81.4993,1011.8,4.0,58.5,Urban,68630,11,5.6931,4.1966,0.7659,18.52343076923077,73.84788269230769,Pune,,,,0.7597,WARNING,False
2026-01-21 20:22:53,1101.6,Safari Storme EX,86.6,1300.33,15.0,40.1,66.9771,40.2377,14.2724,0.737,0,0,0.0,3.308,0.0,Smooth,26.29,Drizzle,Drizzle,79.2,6.392,81.5041,1011.8,4.0,58.5,Urban,68630,11,5.6931,4.1965,0.7659,18.52476470588235,73.8544156862745,Pune,,,,0.7597,WARNING,False
2026-01-21 20:22:56,1104.0,Safari Storme EX,86.5,1494.8,22.8,47.8,95.4476,50.671,14.1422,0.7411,0,0,0.0,3.757,0.0,Aggressive,26.2951,Drizzle,Drizzle,79.2,6.4138,81.5092,1011.8,4.0,58.5,Urban,68630,11,5.6931,4.1965,0.7659,18.517581651376144,73.85189082568807,Pune,,,,0.7597,WARNING,False
2026-01-21 20:22:58,1106.4,Safari Storme EX,87.2,1616.22,22.1,47.9,79.7293,51.416,14.1801,0.7338,0,0,0.0,4.125,0.0,Aggressive,26.2995,Drizzle,Drizzle,79.2,6.3863,81.4878,1011.8,4.0,58.5,Urban,68630,11,5.6931,4.1965,0.7659,18.51555,73.85239716981133,Pune,,,,0.7597,WARNING,False
2026-01-21 20:23:00,1108.8,Safari Storme EX,86.5,1363.26,19.3,43.7,80.997,50.4651,14.2138,0.7253,0,0,0.0,4.103,0.0,Aggressive,26.3059,Drizzle,Drizzle,79.2,6.384,81.494,1011.8,4.0,58.5,Urban,68630,11,5.693,4.1965,0.7659,18.519265934065935,73.84926043956044,Pune,,,,0.7597,WARNING,False
2026-01-21 20:23:03,1111.2,Safari Storme EX,86.8,1388.32,21.5,47.2,68.0628,0.98,14.1495,0.735,0,0,0.0,3.158,0.0,Smooth,26.2893,Drizzle,Drizzle,79.2,6.3958,81.4828,1011.8,4.0,58.5,Urban,68630,11,5.693,4.1965,0.7659,18.52066530612245,73.85363367346939,Pune,,,,0.7597,WARNING,False
2026-01-21 20:23:05,1113.6,Safari Storme EX,86.4,1395.89,15.3,43.3,17.0911,0.2029,10.7631,0.7347,0,0,0.0,3.036,0.0,Stop-and-Go,26.2875,Drizzle,Drizzle,79.2,6.3963,81.5025,1011.8,4.0,58.5,Urban,68630,11,5.693,4.1965,0.7659,18.5205,73.8482,Pune,,,,0.7597,WARNING,False
2026-01-21 20:23:08,1116.0,Safari Storme EX,86.4,1406.9,21.6,45.9,89.1477,39.4425,14.1279,0.7353,0,0,0.0,2.819,0.0,Aggressive,26.302,Drizzle,Drizzle,79.2,6.3983,81.4924,1011.8,4.0,58.5,Urban,68630,11,5.693,4.1965,0.7659,18.52468762886598,73.85047010309279,Pune,,,,0.7597,WARNING,False
2026-01-21 20:23:10,1118.4,Safari Storme EX,86.1,1399.49,22.4,41.2,98.5922,56.9489,14.1954,0.7419,0,0,0.0,2.879,0.0,Aggressive,26.303,Drizzle,Drizzle,79.2,6.4049,81.5044,1011.8,4.0,58.5,Urban,68630,11,5.693,4.1965,0.7659,18.51164897959184,73.85169387755101,Pune,,,,0.7597,WARNING,False
2026-01-21 20:23:12,1120.8,Safari Storme EX,86.6,984.62,12.8,44.3,26.3835,18.4148,14.117,0.7146,0,0,0.0,4.368,0.0,Stop-and-Go,26.3254,Drizzle,Drizzle,79.2,6.404,81.4973,1011.8,4.0,58.5,Urban,68630,11,5.693,4.1965,0.7659,18.51395,73.8527,Pune,,,,0.7597,WARNING,False
2026-01-21 20:23:15,1123.2,Safari Storme EX,86.3,1382.73,19.4,40.7,82.5234,53.3988,14.1977,0.7357,0,0,0.0,4.128,0.0,Aggressive,26.2916,Drizzle,Drizzle,79.2,6.3777,81.4916,1011.8,4.0,58.5,Urban,68630,11,5.693,4.1965,0.7659,18.51593804347826,73.85290869565218,Pune,,,,0.7597,WARNING,False
2026-01-21 20:23:17,1125.6,Safari Storme EX,86.7,1389.54,16.8,47.9,63.1904,21.9607,14.1899,0.7473,0,0,0.0,3.904,0.0,Smooth,26.3138,Drizzle,Drizzle,79.2,6.3965,81.4702,1011.8,4.0,58.5,Urban,68630,11,5.6929,4.1965,0.7659,18.5181306122449,73.84798775510204,Pune,,,,0.7597,WARNING,False
2026-01-21 20:23:20,1128.0,Safari Storme EX,86.5,966.2,14.6,44.1,79.1878,44.7354,14.1983,0.7481,0,0,0.0,3.813,0.0,Aggressive,26.2961,Drizzle,Drizzle,79.2,6.4171,81.4946,1011.8,4.0,58.5,Urban,68630,11,5.6929,4.1965,0.7659,18.52063495145631,73.84512330097088,Pune,,,,0.7597,WARNING,False
2026-01-21 20:23:22,1130.4,Safari Storme EX,86.9,1411.39,16.5,41.5,57.0416,36.3398,14.1978,0.7388,0,0,0.0,2.482,0.0,Smooth,26.2894,Drizzle,Drizzle,79.2,6.3999,81.5071,1011.8,4.0,58.5,Urban,68630,11,5.6929,4.1965,0.7659,18.524057142857146,73.85012857142857,Pune,,,,0.7597,WARNING,False
2026-01-21 20:23:24,1132.8,Safari Storme EX,86.7,955.61,14.0,42.3,22.4609,10.1837,14.1402,0.7204,0,0,0.0,2.126,0.0,Stop-and-Go,26.3067,Drizzle,Drizzle,79.2,6.3894,81.5142,1011.8,4.0,58.5,Urban,68630,11,5.6929,4.1964,0.7659,18.520301,73.860882,Pune,,,,0.7597,WARNING,False
2026-01-21 20:23:27,1135.2,Safari Storme EX,86.6,898.76,9.1,41.3,60.072,3.0793,14.1195,0.7434,0,0,0.0,3.093,0.0,Smooth,26.3011,Drizzle,Drizzle,79.2,6.4066,81.5088,1011.8,4.0,58.5,Urban,68630,11,5.6929,4.1964,0.7659,18.513814285714286,73.84841428571428,Pune,,,,0.7597,WARNING,False
2026-01-21 20:23:29,1137.6,Safari Storme EX,86.7,976.02,11.4,42.9,59.2073,5.9837,14.244,0.7344,0,0,0.0,2.894,0.0,Smooth,26.2922,Drizzle,Drizzle,79.2,6.3988,81.486,1011.8,4.0,58.5,Urban,68630,11,5.6929,4.1964,0.7659,18.523787096774193,73.85130645161291,Pune,,,,0.7597,WARNING,False
2026-01-21 20:23:32,1140.0,Safari Storme EX,86.5,1344.17,18.2,47.8,96.1913,54.0656,14.146,0.7411,0,0,0.0,3.692,0.0,Aggressive,26.3075,Drizzle,Drizzle,79.2,6.4003,81.5017,1011.8,4.0,58.5,Urban,68630,11,5.6929,4.1964,0.7659,18.52194128440367,73.84687064220184,Pune,,,,0.7597,WARNING,False
2026-01-21 20:23:34,1142.4,Safari Storme EX,86.4,1374.14,21.1,46.0,85.3928,49.7948,14.1171,0.7379,0,0,0.0,4.897,0.0,Aggressive,26.2959,Drizzle,Drizzle,79.2,6.4056,81.5003,1011.8,4.0,58.5,Urban,68630,11,5.6928,4.1964,0.7659,18.519017142857145,73.85129428571429,Pune,,,,0.7597,WARNING,False
2026-01-21 20:23:36,1144.8,Safari Storme EX,86.9,1598.55,24.1,45.6,89.0302,50.8709,14.1201,0.7285,0,0,0.0,6.368,0.0,Aggressive,26.308,Drizzle,Drizzle,79.2,6.3928,81.518,1011.8,4.0,58.5,Urban,68630,11,5.6928,4.1964,0.7659,18.52550485436893,73.85719611650485,Pune,,,,0.7597,WARNING,False
2026-01-21 20:23:39,1147.2,Safari Storme EX,86.6,1542.92,24.0,44.6,94.967,1.7378,14.2182,0.7338,0,0,0.0,5.266,0.0,Aggressive,26.2965,Drizzle,Drizzle,79.2,6.4039,81.4963,1011.8,4.0,58.5,Urban,68630,11,5.6928,4.1964,0.7659,18.52962115384615,73.84936153846154,Pune,,,,0.7597,WARNING,False
2026-01-21 20:23:41,1149.6,Safari Storme EX,86.8,1696.93,30.7,47.1,85.7405,-0.5188,14.1828,0.7623,0,0,0.0,4.643,0.0,Aggressive,26.2947,Drizzle,Drizzle,79.2,6.4078,81.5066,1011.8,4.0,58.5,Urban,68630,11,5.6928,4.1964,0.7659,18.524334615384614,73.85564615384615,Pune,,,,0.7597,WARNING,False
2026-01-21 20:23:44,1152.0,Safari Storme EX,87.2,1541.77,25.8,46.7,79.9998,45.8293,14.1788,0.7514,0,0,0.0,3.537,0.0,Aggressive,26.2897,Drizzle,Drizzle,79.2,6.3965,81.4967,1011.8,4.0,58.5,Urban,68630,11,5.6928,4.1964,0.7659,18.51887623762376,73.84488316831683,Pune,,,,0.7597,WARNING,False
2026-01-21 20:23:46,1154.4,Safari Storme EX,87.3,1491.16,24.7,43.1,72.9157,44.4553,14.1761,0.7193,0,0,0.0,2.799,0.0,Aggressive,26.3004,Drizzle,Drizzle,79.2,6.4043,81.5139,1011.8,4.0,58.5,Urban,68630,11,5.6928,4.1964,0.7659,18.516467924528303,73.84946698113207,Pune,,,,0.7597,WARNING,False
2026-01-21 20:23:48,1156.8,Safari Storme EX,86.8,897.9,14.0,43.5,17.7399,0.5925,10.8174,0.7393,0,0,0.0,6.093,0.0,Stop-and-Go,26.2971,Drizzle,Drizzle,79.2,6.3991,81.5056,1011.8,4.0,58.5,Urban,68630,11,5.6927,4.1964,0.7659,18.518936999999998,73.852533,Pune,,,,0.7597,WARNING,False
2026-01-21 20:23:51,1159.2,Safari Storme EX,87.9,1514.34,18.1,41.2,88.3927,50.1346,14.1666,0.7245,0,0,0.0,6.604,0.0,Aggressive,26.3047,Drizzle,Drizzle,79.2,6.4107,81.5154,1011.8,4.0,58.5,Urban,68630,11,5.6927,4.1964,0.7659,18.52510824742268,73.85428041237114,Pune,,,,0.7597,WARNING,False
2026-01-21 20:23:53,1161.6,Safari Storme EX,86.5,1411.59,20.5,45.9,90.4829,1.137,14.1334,0.7444,0,0,0.0,4.839,0.0,Aggressive,26.2836,Drizzle,Drizzle,79.2,6.3899,81.4914,1011.8,4.0,58.5,Urban,68630,11,5.6927,4.1964,0.7659,18.5264900990099,73.85299405940594,Pune,,,,0.7597,WARNING,False
2026-01-21 20:23:56,1164.0,Safari Storme EX,86.6,1494.5,21.8,40.3,82.2984,48.1111,14.1491,0.7489,0,0,0.0,4.032,0.0,Aggressive,26.2947,Drizzle,Drizzle,79.2,6.3966,81.5037,1011.8,4.0,58.5,Urban,68630,11,5.6927,4.1964,0.7659,18.523313333333334,73.85786,Pune,,,,0.7597,WARNING,False
2026-01-21 20:23:58,1166.4,Safari Storme EX,87.3,1533.16,25.6,41.4,82.5662,46.9694,14.1701,0.7272,0,0,0.0,4.315,0.0,Aggressive,26.3127,Drizzle,Drizzle,79.2,6.3856,81.5253,1011.8,4.0,58.5,Urban,68630,11,5.6927,4.1963,0.7659,18.524340816326532,73.85383061224489,Pune,,,,0.7597,WARNING,False
2026-01-21 20:24:00,1168.8,Safari Storme EX,86.5,1427.56,18.6,41.1,25.3776,15.9707,14.1203,0.7301,0,0,0.0,3.008,0.0,Stop-and-Go,26.2999,Drizzle,Drizzle,79.2,6.3846,81.4882,1011.8,4.0,58.5,Urban,68630,11,5.6927,4.1963,0.7659,18.52349,73.853816,Pune,,,,0.7597,WARNING,False
2026-01-21 20:24:03,1171.2,Safari Storme EX,88.0,860.98,8.1,43.5,19.273,12.9986,13.4099,0.7393,0,0,0.0,6.569,0.0,Stop-and-Go,26.3099,Drizzle,Drizzle,79.2,6.3934,81.4967,1011.8,4.0,58.5,Urban,68630,11,5.6927,4.1963,0.7659,18.518432999999998,73.862397,Pune,,,,0.7597,WARNING,False
2026-01-21 20:24:05,1173.6,Safari Storme EX,87.2,1392.26,18.4,44.4,82.5058,53.048,14.185,0.7383,0,0,0.0,6.509,0.0,Aggressive,26.3055,Drizzle,Drizzle,79.2,6.3989,81.4838,1011.8,4.0,58.5,Urban,68630,11,5.6926,4.1963,0.7659,18.52154387755102,73.85220612244898,Pune,,,,0.7597,WARNING,False
2026-01-21 20:24:08,1176.0,Safari Storme EX,87.4,1271.75,20.2,45.8,73.2354,7.9044,14.1071,0.7356,0,0,0.0,6.344,0.0,Aggressive,26.2967,Drizzle,Drizzle,79.2,6.3923,81.4855,1011.8,4.0,58.5,Urban,68630,11,5.6926,4.1963,0.7659,18.516640206185567,73.8449144329897,Pune,,,,0.7597,WARNING,False
2026-01-21 20:24:10,1178.4,Safari Storme EX,87.2,1511.62,19.4,44.6,56.853,35.0481,14.1993,0.7304,0,0,0.0,4.993,0.0,Smooth,26.3118,Drizzle,Drizzle,79.2,6.4037,81.497,1011.8,4.0,58.5,Urban,68630,11,5.6926,4.1963,0.7659,18.52433894736842,73.85078210526316,Pune,,,,0.7597,WARNING,False
2026-01-21 20:24:12,1180.8,Safari Storme EX,86.1,1345.16,18.2,43.3,71.5233,30.8794,14.2127,0.7339,0,0,0.0,4.963,0.0,Aggressive,26.3037,Drizzle,Drizzle,79.2,6.4093,81.5008,1011.8,4.0,58.5,Urban,68630,11,5.6926,4.1963,0.7659,18.52605294117647,73.84074117647059,Pune,,,,0.7597,WARNING,False
2026-01-21 20:24:15,1183.2,Safari Storme EX,87.4,1464.73,19.1,40.9,71.1992,44.7427,14.1321,0.7204,0,0,0.0,0.805,0.0,Aggressive,26.2935,Drizzle,Drizzle,79.2,6.3973,81.5136,1011.8,4.0,58.5,Urban,68630,11,5.6926,4.1963,0.7659,18.51979142857143,73.84370857142856,Pune,,,,0.7597,WARNING,False
2026-01-21 20:24:17,1185.6,Safari Storme EX,86.9,1416.51,23.9,45.6,89.812,51.9084,14.1542,0.7285,0,0,0.0,2.21,0.0,Aggressive,26.3035,Drizzle,Drizzle,79.2,6.3995,81.4878,1011.8,4.0,58.5,Urban,68630,11,5.6926,4.1963,0.7659,18.527368932038833,73.85570485436894,Pune,,,,0.7597,WARNING,False
2026-01-21 20:24:20,1188.0,Safari Storme EX,87.2,852.34,13.4,43.5,19.1499,4.0089,11.6751,0.7393,0,0,0.0,3.741,0.0,Stop-and-Go,26.3003,Drizzle,Drizzle,79.2,6.4056,81.4902,1011.8,4.0,58.5,Urban,68630,11,5.6926,4.1963,0.7659,18.518769,73.85582099999999,Pune,,,,0.7597,WARNING,False
2026-01-21 20:24:22,1190.4,Safari Storme EX,87.9,1235.02,17.6,41.1,85.6474,51.873,14.1837,0.7557,0,0,0.0,3.755,0.0,Aggressive,26.2955,Drizzle,Drizzle,79.2,6.3958,81.4964,1011.8,4.0,58.5,Urban,68630,11,5.6925,4.1963,0.7659,18.521458163265304,73.84810306122449,Pune,,,,0.7597,WARNING,False
2026-01-21 20:24:24,1192.8,Safari Storme EX,87.0,1388.36,22.7,40.6,90.0842,27.4849,14.0714,0.7501,0,0,0.0,4.197,0.0,Aggressive,26.3109,Drizzle,Drizzle,79.2,6.4039,81.4951,1011.8,4.0,58.5,Urban,68630,11,5.6925,4.1963,0.7659,18.523320833333333,73.854,Pune,,,,0.7597,WARNING,False
2026-01-21 20:24:27,1195.2,Safari Storme EX,87.6,1439.45,21.4,40.9,80.9082,48.8862,14.1881,0.7204,0,0,0.0,4.289,0.0,Aggressive,26.3095,Drizzle,Drizzle,79.2,6.4028,81.4873,1011.8,4.0,58.5,Urban,68630,11,5.6925,4.1963,0.7659,18.520568571428573,73.84613142857143,Pune,,,,0.7597,WARNING,False
2026-01-21 20:24:29,1197.6,Safari Storme EX,88.0,1508.69,24.0,41.9,89.2061,54.1571,14.2133,0.726,0,0,0.0,4.313,0.0,Aggressive,26.2994,Drizzle,Drizzle,79.2,6.3898,81.4805,1011.8,4.0,58.5,Urban,68630,11,5.6925,4.1962,0.7659,18.52522842105263,73.8492947368421,Pune,,,,0.7597,WARNING,False
2026-01-21 20:24:32,1200.0,Safari Storme EX,86.7,1631.21,22.4,45.6,79.4743,41.2588,14.1841,0.7119,0,0,0.0,2.431,0.0,Aggressive,26.3019,Drizzle,Drizzle,79.2,6.3962,81.4981,1011.8,4.0,58.5,Urban,68630,11,5.6925,4.1962,0.7659,18.525409708737865,73.84289805825243,Pune,,,,0.7597,WARNING,False
2026-01-21 20:24:34,1202.4,Safari Storme EX,88.0,1442.68,20.1,41.5,54.7479,33.2204,14.2233,0.7388,0,0,0.0,1.462,0.0,Smooth,26.3067,Drizzle,Drizzle,79.2,6.4015,81.5016,1011.8,4.0,58.5,Urban,68630,11,5.6925,4.1962,0.7659,18.52513142857143,73.85154571428572,Pune,,,,0.7597,WARNING,False
2026-01-21 20:24:36,1204.8,Safari Storme EX,87.7,1384.85,23.1,40.3,82.0653,49.0748,14.2242,0.7567,0,0,0.0,1.512,0.0,Aggressive,26.292,Drizzle,Drizzle,79.2,6.4155,81.4954,1011.8,4.0,58.5,Urban,68630,11,5.6924,4.1962,0.7659,18.519,73.8524,Pune,,,,0.7597,WARNING,False
2026-01-21 20:24:39,1207.2,Safari Storme EX,87.7,918.36,11.1,43.3,24.3346,17.5249,10.669,0.7347,0,0,1.0,5.256,0.0,Stop-and-Go,26.2973,Drizzle,Drizzle,79.2,6.4051,81.4855,1011.8,4.0,58.5,Urban,68630,11,5.6924,4.1962,0.7659,18.525062376237624,73.84525346534653,Pune,,,,0.7597,WARNING,False
2026-01-21 20:24:41,1209.6,Safari Storme EX,87.5,1574.48,19.4,47.7,86.672,50.4074,14.1721,0.7536,0,0,0.0,4.793,0.0,Aggressive,26.318,Drizzle,Drizzle,79.2,6.4044,81.5087,1011.8,4.0,58.5,Urban,68630,11,5.6924,4.1962,0.7659,18.52041075268817,73.85864838709676,Pune,,,,0.7597,WARNING,False
2026-01-21 20:24:44,1212.0,Safari Storme EX,87.4,1151.53,11.6,43.3,25.1439,17.9904,10.7278,0.7347,0,0,0.0,5.397,0.0,Stop-and-Go,26.2956,Drizzle,Drizzle,79.2,6.3917,81.487,1011.8,4.0,58.5,Urban,68630,11,5.6924,4.1962,0.7659,18.525062376237624,73.84525346534653,Pune,,,,0.7597,WARNING,False
2026-01-21 20:24:46,1214.4,Safari Storme EX,87.4,1569.26,23.3,40.0,96.4502,25.051,14.1322,0.7473,0,0,0.0,6.004,0.0,Aggressive,26.3058,Drizzle,Drizzle,79.2,6.3957,81.5046,1011.8,4.0,58.5,Urban,68630,11,5.6924,4.1962,0.766,18.516023076923076,73.84732596153846,Pune,,,,0.76,WARNING,False
2026-01-21 20:24:48,1216.8,Safari Storme EX,87.7,1346.53,19.5,44.6,77.4063,45.0334,14.2591,0.7304,0,0,0.0,5.377,0.0,Aggressive,26.3033,Drizzle,Drizzle,79.2,6.4042,81.4841,1011.8,4.0,58.5,Urban,68630,11,5.6924,4.1962,0.766,18.520094736842104,73.84631052631579,Pune,,,,0.76,WARNING,False
2026-01-21 20:24:51,1219.2,Safari Storme EX,87.4,1318.53,17.8,44.5,61.4962,18.3723,14.177,0.7523,0,0,0.0,4.266,0.0,Smooth,26.312,Drizzle,Drizzle,79.2,6.4128,81.4986,1011.8,4.0,58.5,Urban,68630,11,5.6924,4.1962,0.766,18.522339423076925,73.8527951923077,Pune,,,,0.76,WARNING,False
2026-01-21 20:24:53,1221.6,Safari Storme EX,88.0,1369.08,23.4,41.2,96.3086,56.2871,14.1771,0.7419,0,0,0.0,4.854,0.0,Aggressive,26.3061,Drizzle,Drizzle,79.2,6.394,81.4922,1011.8,4.0,58.5,Urban,68630,11,5.6923,4.1962,0.766,18.51343673469388,73.85042040816326,Pune,,,,0.76,WARNING,False
2026-01-21 20:24:56,1224.0,Safari Storme EX,87.4,1449.09,21.5,44.2,75.435,45.9646,14.1022,0.7255,0,0,0.0,2.436,0.0,Aggressive,26.2926,Drizzle,Drizzle,79.2,6.399,81.5008,1011.8,4.0,58.5,Urban,68630,11,5.6923,4.1962,0.766,18.519009615384615,73.84571346153847,Pune,,,,0.76,WARNING,False
2026-01-21 20:24:58,1226.4,Safari Storme EX,87.1,909.42,14.9,47.9,68.3511,33.2704,14.2113,0.7473,0,0,0.0,3.287,0.0,Smooth,26.3125,Drizzle,Drizzle,79.2,6.4029,81.4905,1011.8,4.0,58.5,Urban,68630,11,5.6923,4.1962,0.766,18.516122448979594,73.84735102040817,Pune,,,,0.76,WARNING,False
2026-01-21 20:25:00,1228.8,Safari Storme EX,87.6,1508.49,25.7,43.7,92.7418,7.408,14.1855,0.7391,0,0,0.0,4.329,0.0,Aggressive,26.2877,Drizzle,Drizzle,79.2,6.3981,81.4913,1011.8,4.0,58.5,Urban,68630,11,5.6923,4.1961,0.766,18.527866666666668,73.85021666666667,Pune,,,,0.76,WARNING,False
2026-01-21 20:25:03,1231.2,Safari Storme EX,87.9,759.3,0.0,44.1,78.8465,44.1151,14.2119,0.7481,0,0,1.0,10.371,0.1,Stop-and-Go,26.2979,Drizzle,Drizzle,79.2,6.4002,81.4972,1011.8,4.0,58.5,Urban,68630,11,5.6923,4.1961,0.766,18.52063495145631,73.84512330097088,Pune,,,,0.76,WARNING,False
2026-01-21 20:25:05,1233.6,Safari Storme EX,88.0,782.44,1.8,45.6,67.1688,21.5566,14.2547,0.7001,0,0,0.0,11.525,0.1,Stop-and-Go,26.2827,Drizzle,Drizzle,79.2,6.4156,81.5126,1011.8,4.0,58.5,Urban,68630,11,5.6923,4.1961,0.766,18.52215,73.8522,Pune,,,,0.76,WARNING,False
2026-01-21 20:25:08,1236.0,Safari Storme EX,88.0,885.66,5.5,41.1,26.0794,16.8902,14.2168,0.7301,0,0,0.0,10.69,0.1,Stop-and-Go,26.3062,Drizzle,Drizzle,79.2,6.4088,81.4911,1011.8,4.0,58.5,Urban,68630,11,5.6923,4.1961,0.766,18.52073,73.851992,Pune,,,,0.76,WARNING,False
2026-01-21 20:25:10,1238.4,Safari Storme EX,88.0,972.02,13.1,40.3,81.9254,48.6977,14.1448,0.7489,0,0,0.0,10.495,0.1,Aggressive,26.3274,Drizzle,Drizzle,79.2,6.4069,81.4939,1011.8,4.0,58.5,Urban,68630,11,5.6922,4.1961,0.766,18.523313333333334,73.85786,Pune,,,,0.76,WARNING,False
2026-01-21 20:25:12,1240.8,Safari Storme EX,87.5,1353.4,15.9,47.8,98.0794,54.5007,14.0712,0.7411,0,0,0.0,6.971,0.1,Aggressive,26.3088,Drizzle,Drizzle,79.2,6.3914,81.506,1011.8,4.0,58.5,Urban,68630,11,5.6922,4.1961,0.766,18.52194128440367,73.84687064220184,Pune,,,,0.76,WARNING,False
2026-01-21 20:25:15,1243.2,Safari Storme EX,88.0,836.49,1.4,43.3,96.5022,56.1097,14.18,0.7445,0,0,1.0,6.626,0.1,Stop-and-Go,26.3069,Drizzle,Drizzle,79.2,6.3952,81.4865,1011.8,4.0,58.5,Urban,68630,11,5.6922,4.1961,0.766,18.521377570093456,73.85502429906542,Pune,,,,0.76,WARNING,False
2026-01-21 20:25:17,1245.6,Safari Storme EX,89.4,810.55,0.0,41.4,83.3282,48.0329,14.166,0.7272,0,0,0.0,7.051,0.2,Stop-and-Go,26.2926,Drizzle,Drizzle,79.2,6.3963,81.5011,1011.8,4.0,58.5,Urban,68630,11,5.6922,4.1961,0.766,18.519124489795917,73.85081836734693,Pune,,,,0.76,WARNING,False
2026-01-21 20:25:20,1248.0,Safari Storme EX,87.3,871.84,0.0,47.9,64.4859,21.6218,14.2177,0.7426,0,0,0.0,7.771,0.3,Stop-and-Go,26.2993,Drizzle,Drizzle,79.2,6.399,81.5098,1011.8,4.0,58.5,Urban,68630,11,5.6922,4.1961,0.766,18.525517708333336,73.85200208333333,Pune,,,,0.76,WARNING,False
2026-01-21 20:25:22,1250.4,Safari Storme EX,88.3,750.0,0.0,46.7,84.4069,50.2975,14.1205,0.7514,0,0,0.0,6.981,0.4,Stop-and-Go,26.2927,Drizzle,Drizzle,79.2,6.4054,81.5059,1011.8,4.0,58.5,Urban,68630,11,5.6922,4.1961,0.766,18.520753465346534,73.84431287128713,Pune,,,,0.76,WARNING,False
2026-01-21 20:25:24,1252.8,Safari Storme EX,88.7,768.56,1.2,45.6,67.6785,18.1406,14.2047,0.7433,0,0,0.0,0.716,0.4,Stop-and-Go,26.2929,Drizzle,Drizzle,79.2,6.4087,81.5001,1011.8,4.0,58.5,Urban,68630,11,5.6921,4.1961,0.766,18.52198,73.84858,Pune,,,,0.76,WARNING,False
2026-01-21 20:25:27,1255.2,Safari Storme EX,87.9,756.96,1.8,41.7,88.4542,52.6479,14.2607,0.7325,0,0,0.0,0.849,0.3,Stop-and-Go,26.3034,Drizzle,Drizzle,79.2,6.4014,81.4937,1011.8,4.0,58.5,Urban,68630,11,5.6921,4.1961,0.766,18.51710303030303,73.84868484848485,Pune,,,,0.76,WARNING,False
2026-01-21 20:25:29,1257.6,Safari Storme EX,88.6,750.0,0.1,45.6,92.1645,54.2968,14.1828,0.7285,0,0,0.0,0.832,0.3,Stop-and-Go,26.2777,Drizzle,Drizzle,79.2,6.3886,81.5,1011.8,4.0,58.5,Urban,68630,11,5.6921,4.1961,0.766,18.528300970873786,73.85495922330097,Pune,,,,0.76,WARNING,False
2026-01-21 20:25:32,1260.0,Safari Storme EX,88.7,902.05,1.8,45.7,62.9793,38.0687,14.1966,0.7457,0,0,0.0,0.884,0.3,Stop-and-Go,26.296,Drizzle,Drizzle,79.2,6.3859,81.517,1011.8,4.0,58.5,Urban,68630,11,5.6921,4.1961,0.766,18.52452,73.84916000000001,Pune,,,,0.76,WARNING,False
2026-01-21 20:25:34,1262.4,Safari Storme EX,88.0,750.0,0.1,45.5,77.5141,49.2675,14.0836,0.7172,0,0,0.0,0.857,0.3,Stop-and-Go,26.2916,Drizzle,Drizzle,79.2,6.3937,81.5022,1011.8,4.0,58.5,Urban,68630,11,5.6921,4.196,0.766,18.507392079207918,73.85360297029703,Pune,,,,0.76,WARNING,False
2026-01-21 20:25:36,1264.8,Safari Storme EX,88.1,834.23,0.0,47.0,64.1633,0.8957,14.143,0.7399,0,0,0.0,0.95,0.4,Stop-and-Go,26.2838,Drizzle,Drizzle,79.2,6.3955,81.5137,1011.8,4.0,58.5,Urban,68630,11,5.6921,4.196,0.766,18.524745544554456,73.84637128712872,Pune,,,,0.76,WARNING,False
2026-01-21 20:25:39,1267.2,Safari Storme EX,88.5,882.3,2.1,45.5,77.7407,48.8565,14.0688,0.7172,0,0,0.0,1.038,0.4,Stop-and-Go,26.3038,Drizzle,Drizzle,79.2,6.3981,81.5163,1011.8,4.0,58.5,Urban,68630,11,5.6921,4.196,0.766,18.507392079207918,73.85360297029703,Pune,,,,0.76,WARNING,False
2026-01-21 20:25:41,1269.6,Safari Storme EX,87.5,833.67,0.1,43.1,74.4127,45.0896,14.14,0.7193,0,0,0.0,1.038,0.3,Stop-and-Go,26.2999,Drizzle,Drizzle,79.2,6.3997,81.4923,1011.8,4.0,58.5,Urban,68630,11,5.692,4.196,0.766,18.516467924528303,73.84946698113207,Pune,,,,0.76,WARNING,False
2026-01-21 20:25:44,1272.0,Safari Storme EX,88.9,750.0,0.7,40.3,80.5203,46.9069,14.1896,0.7489,0,0,0.0,0.883,0.2,Stop-and-Go,26.2902,Drizzle,Drizzle,79.2,6.4038,81.5127,1011.8,4.0,58.5,Urban,68630,11,5.692,4.196,0.766,18.52518761904762,73.85498,Pune,,,,0.76,WARNING,False
2026-01-21 20:25:46,1274.4,Safari Storme EX,88.4,890.24,0.0,40.3,87.7688,48.8138,14.158,0.7581,0,0,0.0,0.898,0.2,Stop-and-Go,26.2982,Drizzle,Drizzle,79.2,6.4022,81.511,1011.8,4.0,58.5,Urban,68630,11,5.692,4.196,0.766,18.520169306930693,73.84998019801981,Pune,,,,0.76,WARNING,False
2026-01-21 20:25:48,1276.8,Safari Storme EX,87.8,828.48,1.6,47.7,85.4611,49.5159,14.1324,0.7536,0,0,0.0,0.925,0.2,Stop-and-Go,26.3051,Drizzle,Drizzle,79.2,6.4,81.5133,1011.8,4.0,58.5,Urban,68630,11,5.692,4.196,0.766,18.52041075268817,73.85864838709676,Pune,,,,0.76,WARNING,False
2026-01-21 20:25:51,1279.2,Safari Storme EX,88.1,918.66,2.8,44.6,98.8451,0.7127,14.2426,0.7338,0,0,0.0,1.172,0.2,Stop-and-Go,26.2988,Drizzle,Drizzle,79.2,6.3979,81.502,1011.8,4.0,58.5,Urban,68630,11,5.692,4.196,0.766,18.52678269230769,73.84797692307691,Pune,,,,0.76,WARNING,False
2026-01-21 20:25:53,1281.6,Safari Storme EX,88.1,910.73,12.2,43.1,70.6852,41.8707,14.2193,0.7193,0,0,0.0,4.997,0.2,Aggressive,26.3005,Drizzle,Drizzle,79.2,6.4118,81.5133,1011.8,4.0,58.5,Urban,68630,11,5.692,4.196,0.766,18.51696603773585,73.84659150943396,Pune,,,,0.76,WARNING,False
2026-01-21 20:25:56,1284.0,Safari Storme EX,87.6,929.65,10.3,41.1,24.7731,14.8689,14.2147,0.7301,0,0,0.0,5.491,0.2,Stop-and-Go,26.294,Drizzle,Drizzle,79.2,6.3943,81.4963,1011.8,4.0,58.5,Urban,68630,11,5.692,4.196,0.766,18.52073,73.851992,Pune,,,,0.76,WARNING,False
2026-01-21 20:25:58,1286.4,Safari Storme EX,88.1,1461.01,16.3,45.9,91.2097,26.0029,14.1257,0.7353,0,0,0.0,6.28,0.2,Aggressive,26.2851,Drizzle,Drizzle,79.2,6.4168,81.5153,1011.8,4.0,58.5,Urban,68630,11,5.6919,4.196,0.766,18.52570206185567,73.85032164948453,Pune,,,,0.76,WARNING,False
2026-01-21 20:26:00,1288.8,Safari Storme EX,88.9,1539.38,18.6,44.2,90.3687,54.5754,14.1327,0.7255,0,0,0.0,6.116,0.1,Aggressive,26.2852,Drizzle,Drizzle,79.2,6.414,81.5004,1011.8,4.0,58.5,Urban,68630,11,5.6919,4.196,0.766,18.517832692307692,73.85270576923078,Pune,,,,0.76,WARNING,False
2026-01-21 20:26:03,1291.2,Safari Storme EX,88.4,1559.2,21.2,45.6,69.0583,20.4994,14.2594,0.7001,0,0,0.0,4.484,0.1,Smooth,26.302,Drizzle,Drizzle,79.2,6.4111,81.5114,1011.8,4.0,58.5,Urban,68630,11,5.6919,4.196,0.766,18.52215,73.8522,Pune,,,,0.76,WARNING,False
2026-01-21 20:26:05,1293.6,Safari Storme EX,88.4,1605.94,27.1,45.6,76.2222,29.5605,14.1697,0.7119,0,0,0.0,6.187,0.1,Aggressive,26.3103,Drizzle,Drizzle,79.2,6.4093,81.5164,1011.8,4.0,58.5,Urban,68630,11,5.6919,4.1959,0.766,18.522706796116506,73.8448786407767,Pune,,,,0.76,WARNING,False
2026-01-21 20:26:08,1296.0,Safari Storme EX,88.4,994.4,10.3,44.3,22.5163,16.3634,14.2344,0.7146,0,0,1.0,6.187,0.1,Stop-and-Go,26.2959,Drizzle,Drizzle,79.2,6.3786,81.5057,1011.8,4.0,58.5,Urban,68630,11,5.6919,4.1959,0.766,18.51515,73.8503,Pune,,,,0.76,WARNING,False
2026-01-21 20:26:10,1298.4,Safari Storme EX,88.2,859.57,12.1,41.5,57.2392,36.2883,14.2261,0.7388,0,0,0.0,6.845,0.0,Smooth,26.3174,Drizzle,Drizzle,79.2,6.408,81.5082,1011.8,4.0,58.5,Urban,68630,11,5.6919,4.1959,0.766,18.524057142857146,73.85012857142857,Pune,,,,0.76,WARNING,False
2026-01-21 20:26:12,1300.8,Safari Storme EX,87.8,919.77,8.1,43.3,20.1965,3.4464,10.7613,0.7347,0,0,0.0,8.063,0.0,Stop-and-Go,26.3021,Drizzle,Drizzle,79.2,6.3882,81.49,1011.8,4.0,58.5,Urban,68630,11,5.6918,4.1959,0.766,18.521640594059406,73.84746336633664,Pune,,,,0.76,WARNING,False
2026-01-21 20:26:15,1303.2,Safari Storme EX,88.2,1051.83,13.3,46.3,68.4483,11.6137,14.2391,0.7381,0,0,0.0,7.484,0.0,Smooth,26.3092,Drizzle,Drizzle,79.2,6.4073,81.5077,1011.8,4.0,58.5,Urban,68630,11,5.6918,4.1959,0.766,18.519060576923078,73.85224711538461,Pune,,,,0.76,WARNING,False
2026-01-21 20:26:17,1305.6,Safari Storme EX,88.6,850.42,0.8,40.5,79.3543,50.2512,14.1947,0.7511,0,0,1.0,4.945,0.0,Stop-and-Go,26.2979,Drizzle,Drizzle,79.2,6.3993,81.5027,1011.8,4.0,58.5,Urban,68630,11,5.6918,4.1959,0.766,18.5198,73.84181546391753,Pune,,,,0.76,WARNING,False
2026-01-21 20:26:20,1308.0,Safari Storme EX,88.1,823.36,0.7,46.8,67.2558,37.1837,14.1205,0.7426,0,0,0.0,6.022,0.0,Stop-and-Go,26.3005,Drizzle,Drizzle,79.2,6.4084,81.4924,1011.8,4.0,58.5,Urban,68630,11,5.6918,4.1959,0.766,18.516407216494844,73.85439278350516,Pune,,,,0.76,WARNING,False
2026-01-21 20:26:22,1310.4,Safari Storme EX,88.6,1017.74,7.0,43.3,74.6888,40.1154,14.1119,0.7339,0,0,0.0,5.335,0.0,Aggressive,26.3036,Drizzle,Drizzle,79.2,6.3725,81.5085,1011.8,4.0,58.5,Urban,68630,11,5.6918,4.1959,0.766,18.527017647058823,73.84184705882353,Pune,,,,0.76,WARNING,False
2026-01-21 20:26:24,1312.8,Safari Storme EX,88.6,1015.69,5.0,41.1,27.2338,14.152,14.2028,0.7301,0,0,0.0,5.205,0.0,Stop-and-Go,26.2809,Drizzle,Drizzle,79.2,6.4065,81.5341,1011.8,4.0,58.5,Urban,68630,11,5.6918,4.1959,0.766,18.52349,73.853816,Pune,,,,0.76,WARNING,False
2026-01-21 20:26:27,1315.2,Safari Storme EX,89.0,988.75,6.9,42.2,68.5735,37.726,14.1805,0.7467,0,0,0.0,3.143,0.0,Smooth,26.3024,Drizzle,Drizzle,79.2,6.3843,81.4881,1011.8,4.0,58.5,Urban,68630,11,5.6918,4.1959,0.766,18.52815,73.84778333333334,Pune,,,,0.76,WARNING,False
2026-01-21 20:26:29,1317.6,Safari Storme EX,88.1,750.0,0.0,44.2,54.3274,31.5017,14.2317,0.7216,0,0,0.0,3.364,0.1,Stop-and-Go,26.3149,Drizzle,Drizzle,79.2,6.4176,81.5067,1011.8,4.0,58.5,Urban,68630,11,5.6917,4.1959,0.766,18.52343076923077,73.84788269230769,Pune,,,,0.76,WARNING,False
2026-01-21 20:26:32,1320.0,Safari Storme EX,88.5,887.24,3.2,44.2,88.738,46.5795,14.1871,0.7566,0,0,0.0,2.923,0.1,Aggressive,26.298,Drizzle,Drizzle,79.2,6.4133,81.4988,1011.8,4.0,58.5,Urban,68630,11,5.6917,4.1959,0.766,18.521954285714287,73.84992,Pune,,,,0.76,WARNING,False
2026-01-21 20:26:34,1322.4,Safari Storme EX,88.2,1014.94,2.9,40.6,96.9653,37.7673,14.0414,0.7286,0,0,0.0,2.572,0.1,Stop-and-Go,26.3077,Drizzle,Drizzle,79.2,6.4092,81.4963,1011.8,4.0,58.5,Urban,68630,11,5.6917,4.1959,0.766,18.514415533980582,73.85304660194174,Pune,,,,0.76,WARNING,False
2026-01-21 20:26:36,1324.8,Safari Storme EX,87.8,927.49,0.2,44.6,58.31,35.393,14.2025,0.7304,0,0,0.0,2.804,0.1,Stop-and-Go,26.2887,Drizzle,Drizzle,79.2,6.4145,81.5137,1011.8,4.0,58.5,Urban,68630,11,5.6917,4.1958,0.766,18.52433894736842,73.85078210526316,Pune,,,,0.76,WARNING,False
2026-01-21 20:26:39,1327.2,Safari Storme EX,89.4,750.0,1.3,41.4,81.807,48.4642,14.1292,0.7272,0,0,0.0,1.486,0.1,Stop-and-Go,26.307,Drizzle,Drizzle,79.2,6.4042,81.4955,1011.8,4.0,58.5,Urban,68630,11,5.6917,4.1958,0.766,18.524340816326532,73.85383061224489,Pune,,,,0.76,WARNING,False
2026-01-21 20:26:41,1329.6,Safari Storme EX,88.9,811.25,1.9,43.3,23.5518,18.1228,10.6929,0.7347,0,0,0.0,1.219,0.1,Stop-and-Go,26.3095,Drizzle,Drizzle,79.2,6.3981,81.4873,1011.8,4.0,58.5,Urban,68630,11,5.6917,4.1958,0.766,18.525062376237624,73.84525346534653,Pune,,,,0.76,WARNING,False
2026-01-21 20:26:44,1332.0,Safari Storme EX,88.4,750.0,0.0,44.3,23.6317,16.5502,14.2077,0.7146,0,0,0.0,1.205,0.2,Stop-and-Go,26.31,Drizzle,Drizzle,79.2,6.4015,81.507,1011.8,4.0,58.5,Urban,68630,11,5.6916,4.1958,0.766,18.51515,73.8503,Pune,,,,0.76,WARNING,False
2026-01-21 20:26:46,1334.4,Safari Storme EX,88.2,787.15,0.4,44.7,85.8255,52.604,14.1237,0.7296,0,0,0.0,0.808,0.2,Stop-and-Go,26.3196,Drizzle,Drizzle,79.2,6.401,81.4852,1011.8,4.0,58.5,Urban,68630,11,5.6916,4.1958,0.766,18.522506,73.84289799999999,Pune,,,,0.76,WARNING,False
2026-01-21 20:26:48,1336.8,Safari Storme EX,88.5,829.86,2.0,40.3,84.9817,49.9718,14.0837,0.7567,0,0,0.0,0.893,0.2,Stop-and-Go,26.3022,Drizzle,Drizzle,79.2,6.3961,81.5123,1011.8,4.0,58.5,Urban,68630,11,5.6916,4.1958,0.766,18.52133009708738,73.84960388349515,Pune,,,,0.76,WARNING,False
2026-01-21 20:26:51,1339.2,Safari Storme EX,88.9,970.71,0.0,44.2,39.7295,22.8376,14.1537,0.7216,0,0,0.0,1.009,0.3,Stop-and-Go,26.313,Drizzle,Drizzle,79.2,6.4143,81.5071,1011.8,4.0,58.5,Urban,68630,11,5.6916,4.1958,0.766,18.525646153846154,73.85263653846154,Pune,,,,0.76,WARNING,False
2026-01-21 20:26:53,1341.6,Safari Storme EX,88.7,951.34,0.1,45.6,89.9727,54.6805,14.1111,0.7285,0,0,0.0,0.854,0.2,Stop-and-Go,26.2787,Drizzle,Drizzle,79.2,6.399,81.4793,1011.8,4.0,58.5,Urban,68630,11,5.6916,4.1958,0.7661,18.527368932038833,73.85570485436894,Pune,,,,0.7603,WARNING,False
2026-01-21 20:26:56,1344.0,Safari Storme EX,88.9,750.0,1.8,44.7,84.2775,49.5357,14.1073,0.7296,0,0,0.0,0.963,0.2,Stop-and-Go,26.3114,Drizzle,Drizzle,79.2,6.408,81.503,1011.8,4.0,58.5,Urban,68630,11,5.6916,4.1958,0.7661,18.521714,73.841962,Pune,,,,0.7603,WARNING,False
2026-01-21 20:26:58,1346.4,Safari Storme EX,88.8,809.64,0.0,41.2,90.0327,53.7831,14.2288,0.7419,0,0,0.0,1.026,0.3,Stop-and-Go,26.2927,Drizzle,Drizzle,79.2,6.4068,81.507,1011.8,4.0,58.5,Urban,68630,11,5.6916,4.1958,0.7661,18.5188,73.8466,Pune,,,,0.7603,WARNING,False
2026-01-21 20:27:00,1348.8,Safari Storme EX,88.6,886.43,4.2,44.3,22.0353,15.9003,14.2201,0.7146,0,0,0.0,1.834,0.3,Stop-and-Go,26.2922,Drizzle,Drizzle,79.2,6.3992,81.4829,1011.8,4.0,58.5,Urban,68630,11,5.6915,4.1958,0.7661,18.515749999999997,73.84909999999999,Pune,,,,0.7603,WARNING,False
2026-01-21 20:27:03,1351.2,Safari Storme EX,88.8,870.91,5.8,40.7,84.3654,52.3092,14.1886,0.7357,0,0,0.0,2.56,0.3,Aggressive,26.3177,Drizzle,Drizzle,79.2,6.4008,81.5022,1011.8,4.0,58.5,Urban,68630,11,5.6915,4.1958,0.7661,18.517216304347826,73.85176086956523,Pune,,,,0.7603,WARNING,False
2026-01-21 20:27:05,1353.6,Safari Storme EX,89.1,973.15,6.7,43.0,20.946,10.7562,10.6063,0.726,0,0,0.0,2.782,0.3,Stop-and-Go,26.3016,Drizzle,Drizzle,79.2,6.3981,81.5009,1011.8,4.0,58.5,Urban,68630,11,5.6915,4.1958,0.7661,18.52274433962264,73.84761509433962,Pune,,,,0.7603,WARNING,False
2026-01-21 20:27:08,1356.0,Safari Storme EX,88.3,1480.95,18.2,46.0,79.6367,51.7609,14.1538,0.7379,0,0,0.0,6.779,0.2,Aggressive,26.3057,Drizzle,Drizzle,79.2,6.404,81.4848,1011.8,4.0,58.5,Urban,68630,11,5.6915,4.1957,0.7661,18.510514285714287,73.85252857142858,Pune,,,,0.7603,WARNING,False
2026-01-21 20:27:10,1358.4,Safari Storme EX,89.1,1405.97,16.2,44.0,67.5833,15.6149,14.1547,0.7403,0,0,0.0,6.473,0.2,Smooth,26.2857,Drizzle,Drizzle,79.2,6.3959,81.5093,1011.8,4.0,58.5,Urban,68630,11,5.6915,4.1957,0.7661,18.521378723404254,73.84767021276596,Pune,,,,0.7603,WARNING,False
2026-01-21 20:27:12,1360.8,Safari Storme EX,89.0,1468.6,19.3,43.9,87.1387,33.8132,14.0946,0.7376,0,0,0.0,6.485,0.2,Aggressive,26.3127,Drizzle,Drizzle,79.2,6.3897,81.4988,1011.8,4.0,58.5,Urban,68630,11,5.6915,4.1957,0.7661,18.52720612244898,73.84937551020408,Pune,,,,0.7603,WARNING,False
2026-01-21 20:27:15,1363.2,Safari Storme EX,88.2,1455.9,19.8,45.6,90.5625,51.1009,14.1535,0.7285,0,0,0.0,5.401,0.1,Aggressive,26.3012,Drizzle,Drizzle,79.2,6.4054,81.5185,1011.8,4.0,58.5,Urban,68630,11,5.6915,4.1957,0.7661,18.526436893203883,73.8564504854369,Pune,,,,0.7603,WARNING,False
2026-01-21 20:27:17,1365.6,Safari Storme EX,88.3,1534.63,25.6,46.3,75.1089,38.2486,14.2362,0.7381,0,0,0.0,3.515,0.1,Aggressive,26.3036,Drizzle,Drizzle,79.2,6.3882,81.5118,1011.8,4.0,58.5,Urban,68631,11,5.6914,4.1957,0.7661,18.515252884615386,73.84608557692309,Pune,,,,0.7603,WARNING,False
2026-01-21 20:27:20,1368.0,Safari Storme EX,89.4,1470.5,24.2,45.8,89.2267,55.1524,14.1404,0.7299,0,0,0.0,3.833,0.1,Aggressive,26.3131,Drizzle,Drizzle,79.2,6.3942,81.4943,1011.8,4.0,58.5,Urban,68631,11,5.6914,4.1957,0.7661,18.51912105263158,73.85452631578947,Pune,,,,0.7603,WARNING,False
2026-01-21 20:27:22,1370.4,Safari Storme EX,88.4,809.83,12.8,40.3,88.6581,48.0268,14.193,0.7581,0,0,0.0,5.02,0.0,Aggressive,26.3109,Drizzle,Drizzle,79.2,6.3991,81.5084,1011.8,4.0,58.5,Urban,68631,11,5.6914,4.1957,0.7661,18.520169306930693,73.84998019801981,Pune,,,,0.7603,WARNING,False
2026-01-21 20:27:24,1372.8,Safari Storme EX,89.0,1393.05,22.9,45.8,89.2011,51.6453,14.192,0.7367,0,0,0.0,5.091,0.0,Aggressive,26.3042,Drizzle,Drizzle,79.2,6.3984,81.5145,1011.8,4.0,58.5,Urban,68631,11,5.6914,4.1957,0.7661,18.516974226804123,73.84737628865979,Pune,,,,0.7603,WARNING,False
2026-01-21 20:27:27,1375.2,Safari Storme EX,88.5,1534.59,28.8,44.9,95.508,55.5447,14.1385,0.7295,0,0,0.0,6.037,0.0,Aggressive,26.2902,Drizzle,Drizzle,79.2,6.3991,81.4964,1011.8,4.0,58.5,Urban,68631,11,5.6914,4.1957,0.7661,18.51679,73.85115599999999,Pune,,,,0.7603,WARNING,False
2026-01-21 20:27:29,1377.6,Safari Storme EX,89.0,1495.38,19.5,42.5,60.405,-1.0797,14.1711,0.7595,0,0,0.0,5.961,0.0,Smooth,26.306,Drizzle,Drizzle,79.2,6.4023,81.4845,1011.8,4.0,58.5,Urban,68631,11,5.6914,4.1957,0.7661,18.513833333333334,73.8492137254902,Pune,,,,0.7603,WARNING,False
2026-01-21 20:27:32,1380.0,Safari Storme EX,88.3,1325.65,23.1,45.9,91.75,-1.0049,14.1498,0.7444,0,0,0.0,5.862,0.0,Aggressive,26.2867,Drizzle,Drizzle,79.2,6.4031,81.5132,1011.8,4.0,58.5,Urban,68631,11,5.6913,4.1957,0.7661,18.52841485148515,73.8527089108911,Pune,,,,0.7603,WARNING,False
2026-01-21 20:27:34,1382.4,Safari Storme EX,89.2,1370.11,16.5,47.0,64.2839,0.178,14.1083,0.7399,0,0,0.0,4.6,0.0,Smooth,26.3095,Drizzle,Drizzle,79.2,6.4008,81.4985,1011.8,4.0,58.5,Urban,68631,11,5.6913,4.1957,0.7661,18.524745544554456,73.84637128712872,Pune,,,,0.7603,WARNING,False
2026-01-21 20:27:36,1384.8,Safari Storme EX,88.6,1030.14,14.8,46.8,69.4651,39.8375,14.1558,0.7426,0,0,0.0,5.593,0.0,Smooth,26.2987,Drizzle,Drizzle,79.2,6.4069,81.5079,1011.8,4.0,58.5,Urban,68631,11,5.6913,4.1957,0.7661,18.515664948453608,73.8503350515464,Pune,,,,0.7603,WARNING,False
2026-01-21 20:27:39,1387.2,Safari Storme EX,88.9,1366.76,17.7,43.1,72.6906,44.1297,14.1694,0.7193,0,0,0.0,3.175,0.0,Aggressive,26.2889,Drizzle,Drizzle,79.2,6.4086,81.5014,1011.8,4.0,58.5,Urban,68631,11,5.6913,4.1957,0.7661,18.516467924528303,73.84946698113207,Pune,,,,0.7603,WARNING,False
2026-01-21 20:27:41,1389.6,Safari Storme EX,89.2,888.73,14.6,43.3,70.0268,19.0695,14.2136,0.7339,0,0,0.0,3.463,0.0,Aggressive,26.288,Drizzle,Drizzle,79.2,6.3894,81.5046,1011.8,4.0,58.5,Urban,68631,11,5.6913,4.1956,0.7661,18.525088235294117,73.83963529411764,Pune,,,,0.7603,WARNING,False
2026-01-21 20:27:44,1392.0,Safari Storme EX,89.3,1473.23,21.6,44.9,95.2276,55.1666,14.1743,0.7295,0,0,0.0,2.85,0.0,Aggressive,26.297,Drizzle,Drizzle,79.2,6.3862,81.5025,1011.8,4.0,58.5,Urban,68631,11,5.6913,4.1956,0.7661,18.51679,73.85115599999999,Pune,,,,0.7603,WARNING,False
2026-01-21 20:27:46,1394.4,Safari Storme EX,89.8,1337.2,17.0,45.7,65.0645,38.7292,14.2035,0.7457,0,0,0.0,2.835,0.0,Smooth,26.2952,Drizzle,Drizzle,79.2,6.3966,81.5029,1011.8,4.0,58.5,Urban,68631,11,5.6913,4.1956,0.7661,18.526056,73.851608,Pune,,,,0.7603,WARNING,False
2026-01-21 20:27:48,1396.8,Safari Storme EX,89.6,1495.63,21.9,47.8,100.0135,55.0792,14.1782,0.7411,0,0,0.0,3.133,0.0,Aggressive,26.3009,Drizzle,Drizzle,79.2,6.3916,81.4916,1011.8,4.0,58.5,Urban,68631,11,5.6912,4.1956,0.7661,18.526300917431193,73.8418504587156,Pune,,,,0.7603,WARNING,False
2026-01-21 20:27:51,1399.2,Safari Storme EX,89.1,1670.48,23.1,42.7,83.0038,52.4818,14.1835,0.7343,0,0,0.0,3.65,0.0,Aggressive,26.2847,Drizzle,Drizzle,79.2,6.4025,81.4813,1011.8,4.0,58.5,Urban,68631,11,5.6912,4.1956,0.7661,18.518561538461537,73.85341538461539,Pune,,,,0.7603,WARNING,False
2026-01-21 20:27:53,1401.6,Safari Storme EX,88.6,1636.75,27.0,47.9,80.2279,54.8866,14.1567,0.7338,0,0,0.0,3.581,0.0,Aggressive,26.2942,Drizzle,Drizzle,79.2,6.4098,81.4904,1011.8,4.0,58.5,Urban,68631,11,5.6912,4.1956,0.7661,18.516750000000002,73.85033679245284,Pune,,,,0.7603,WARNING,False
2026-01-21 20:27:56,1404.0,Safari Storme EX,89.0,1599.5,30.6,43.7,92.4926,9.5105,14.241,0.7391,0,0,0.0,5.166,0.0,Aggressive,26.303,Drizzle,Drizzle,79.2,6.4067,81.5017,1011.8,4.0,58.5,Urban,68631,11,5.6912,4.1956,0.7661,18.527866666666668,73.85021666666667,Pune,,,,0.7603,WARNING,False
2026-01-21 20:27:58,1406.4,Safari Storme EX,89.4,1551.74,19.6,43.0,18.9992,3.4497,10.5004,0.726,0,0,0.0,4.364,0.0,Stop-and-Go,26.2831,Drizzle,Drizzle,79.2,6.3953,81.483,1011.8,4.0,58.5,Urban,68631,11,5.6912,4.1956,0.7661,18.51989150943396,73.85042264150943,Pune,,,,0.7603,WARNING,False
2026-01-21 20:28:00,1408.8,Safari Storme EX,89.0,1384.54,21.7,40.3,81.7718,48.8628,14.177,0.7489,0,0,0.0,4.394,0.0,Aggressive,26.2887,Drizzle,Drizzle,79.2,6.3969,81.5054,1011.8,4.0,58.5,Urban,68631,11,5.6912,4.1956,0.7661,18.52237619047619,73.8593,Pune,,,,0.7603,WARNING,False
2026-01-21 20:28:03,1411.2,Safari Storme EX,89.4,1742.45,31.0,45.7,89.3611,19.7676,14.182,0.734,0,0,0.0,5.163,0.0,Aggressive,26.3011,Drizzle,Drizzle,79.2,6.3866,81.4923,1011.8,4.0,58.5,Urban,68631,11,5.6912,4.1956,0.7661,18.523324210526315,73.85756421052632,Pune,,,,0.7603,WARNING,False
2026-01-21 20:28:05,1413.6,Safari Storme EX,89.2,1610.05,31.2,45.8,88.3408,51.8873,14.1471,0.7367,0,0,0.0,5.685,0.0,Aggressive,26.3052,Drizzle,Drizzle,79.2,6.4003,81.4844,1011.8,4.0,58.5,Urban,68631,11,5.6911,4.1956,0.7661,18.51712268041237,73.84952886597938,Pune,,,,0.7603,WARNING,False
2026-01-21 20:28:08,1416.0,Safari Storme EX,90.1,1588.18,30.7,41.2,87.0931,53.7086,14.1341,0.7245,0,0,0.0,5.702,0.0,Aggressive,26.2909,Drizzle,Drizzle,79.2,6.4096,81.4869,1011.8,4.0,58.5,Urban,68631,11,5.6911,4.1956,0.7661,18.52525670103093,73.84972783505154,Pune,,,,0.7603,WARNING,False
2026-01-21 20:28:10,1418.4,Safari Storme EX,88.5,1540.07,27.4,41.1,86.9767,51.5223,14.1617,0.7557,0,0,0.0,4.055,0.0,Aggressive,26.2982,Drizzle,Drizzle,79.2,6.3986,81.4901,1011.8,4.0,58.5,Urban,68631,11,5.6911,4.1956,0.7661,18.52143367346939,73.84734387755103,Pune,,,,0.7603,WARNING,False
2026-01-21 20:28:12,1420.8,Safari Storme EX,89.7,1437.15,25.3,44.2,80.3162,49.9212,14.0906,0.7255,0,0,0.0,2.641,0.0,Aggressive,26.3016,Drizzle,Drizzle,79.2,6.3973,81.4935,1011.8,4.0,58.5,Urban,68631,11,5.6911,4.1955,0.7661,18.51861730769231,73.84804423076923,Pune,,,,0.7603,WARNING,False
2026-01-21 20:28:15,1423.2,Safari Storme EX,89.1,1369.2,15.6,41.1,24.7419,16.8343,14.1705,0.7301,0,0,0.0,6.319,0.0,Stop-and-Go,26.3014,Drizzle,Drizzle,79.2,6.4002,81.5043,1011.8,4.0,58.5,Urban,68631,11,5.6911,4.1955,0.7661,18.52073,73.851992,Pune,,,,0.7603,WARNING,False
2026-01-21 20:28:17,1425.6,Safari Storme EX,89.1,880.28,0.8,43.3,64.138,8.328,14.2163,0.7339,0,0,1.0,12.097,0.0,Stop-and-Go,26.2908,Drizzle,Drizzle,79.2,6.3876,81.508,1011.8,4.0,58.5,Urban,68631,11,5.6911,4.1955,0.7661,18.524123529411764,73.83852941176471,Pune,,,,0.7603,WARNING,False
2026-01-21 20:28:20,1428.0,Safari Storme EX,89.4,793.26,2.9,40.8,72.1876,8.1763,14.1728,0.7246,0,0,0.0,12.313,0.0,Stop-and-Go,26.3097,Drizzle,Drizzle,79.2,6.3693,81.495,1011.8,4.0,58.5,Urban,68631,11,5.691,4.1955,0.7661,18.520828124999998,73.848271875,Pune,,,,0.7603,WARNING,False
2026-01-21 20:28:22,1430.4,Safari Storme EX,88.3,1061.44,10.7,45.9,86.6244,0.654,14.1803,0.7444,0,0,0.0,9.942,0.0,Aggressive,26.2983,Drizzle,Drizzle,79.2,6.3976,81.4984,1011.8,4.0,58.5,Urban,68631,11,5.691,4.1955,0.7661,18.522640594059407,73.85356435643564,Pune,,,,0.7603,WARNING,False
2026-01-21 20:28:24,1432.8,Safari Storme EX,89.5,1562.5,15.6,40.3,82.3881,46.2044,14.1547,0.7489,0,0,0.0,6.971,0.0,Aggressive,26.3031,Drizzle,Drizzle,79.2,6.3999,81.5168,1011.8,4.0,58.5,Urban,68631,11,5.691,4.1955,0.7661,18.52518761904762,73.85498,Pune,,,,0.7603,WARNING,False
2026-01-21 20:28:27,1435.2,Safari Storme EX,89.0,1561.64,23.0,45.1,92.5552,53.6208,14.1803,0.7274,0,0,0.0,9.139,0.0,Aggressive,26.3024,Drizzle,Drizzle,79.2,6.4097,81.4866,1011.8,4.0,58.5,Urban,68631,11,5.691,4.1955,0.7661,18.518669387755104,73.85918367346939,Pune,,,,0.7603,WARNING,False
2026-01-21 20:28:29,1437.6,Safari Storme EX,89.3,835.83,0.3,43.9,86.0605,50.1866,14.1983,0.7369,0,0,1.0,9.275,0.0,Stop-and-Go,26.317,Drizzle,Drizzle,79.2,6.4068,81.4961,1011.8,4.0,58.5,Urban,68631,11,5.691,4.1955,0.7661,18.51952,73.84948,Pune,,,,0.7603,WARNING,False
2026-01-21 20:28:32,1440.0,Safari Storme EX,88.7,792.05,0.0,48.0,77.6944,51.4267,14.1572,0.7359,0,0,0.0,9.936,0.1,Stop-and-Go,26.3036,Drizzle,Drizzle,79.2,6.3941,81.4973,1011.8,4.0,58.5,Urban,68631,11,5.691,4.1955,0.7661,18.524813725490194,73.84239705882352,Pune,,,,0.7603,WARNING,False
2026-01-21 20:28:34,1442.4,Safari Storme EX,88.8,934.37,0.7,41.1,27.9846,15.9841,14.1704,0.7301,0,0,0.0,10.716,0.1,Stop-and-Go,26.2966,Drizzle,Drizzle,79.2,6.3773,81.5058,1011.8,4.0,58.5,Urban,68631,11,5.691,4.1955,0.7661,18.52625,73.85564,Pune,,,,0.7603,WARNING,False
2026-01-21 20:28:36,1444.8,Safari Storme EX,89.0,750.0,0.0,41.0,27.2205,15.7132,14.1542,0.7337,0,0,0.0,10.178,0.2,Stop-and-Go,26.2871,Drizzle,Drizzle,79.2,6.4117,81.4929,1011.8,4.0,58.5,Urban,68631,11,5.6909,4.1955,0.7661,18.513753846153847,73.85330576923077,Pune,,,,0.7603,WARNING,False
2026-01-21 20:28:39,1447.2,Safari Storme EX,89.2,846.44,3.4,41.7,83.2339,49.4206,14.1743,0.7325,0,0,0.0,1.438,0.2,Aggressive,26.2892,Drizzle,Drizzle,79.2,6.4011,81.5037,1011.8,4.0,58.5,Urban,68631,11,5.6909,4.1955,0.7661,18.512012121212123,73.85493939393939,Pune,,,,0.7603,WARNING,False
2026-01-21 20:28:41,1449.6,Safari Storme EX,89.2,891.9,9.2,47.9,68.3904,31.0992,14.2307,0.7473,0,0,0.0,3.915,0.2,Smooth,26.3002,Drizzle,Drizzle,79.2,6.3973,81.4931,1011.8,4.0,58.5,Urban,68631,11,5.6909,4.1955,0.7661,18.516122448979594,73.84735102040817,Pune,,,,0.7603,WARNING,False
2026-01-21 20:28:44,1452.0,Safari Storme EX,89.1,908.0,6.3,44.0,67.5114,23.8574,14.1989,0.7403,0,0,0.0,3.858,0.2,Smooth,26.2982,Drizzle,Drizzle,79.2,6.4054,81.517,1011.8,4.0,58.5,Urban,68631,11,5.6909,4.1954,0.7661,18.524365957446808,73.84657234042554,Pune,,,,0.7603,WARNING,False
2026-01-21 20:28:46,1454.4,Safari Storme EX,88.9,981.57,12.7,40.6,100.0101,2.1414,14.1712,0.7286,0,0,0.0,4.936,0.2,Aggressive,26.2959,Drizzle,Drizzle,79.2,6.385,81.4992,1011.8,4.0,58.5,Urban,68631,11,5.6909,4.1954,0.7661,18.509312621359225,73.84493786407766,Pune,,,,0.7603,WARNING,False
2026-01-21 20:28:48,1456.8,Safari Storme EX,89.0,1502.09,20.1,44.4,80.4066,48.6158,14.1795,0.7383,0,0,0.0,6.454,0.2,Aggressive,26.3088,Drizzle,Drizzle,79.2,6.3999,81.5011,1011.8,4.0,58.5,Urban,68631,11,5.6909,4.1954,0.7661,18.516474489795918,73.85367551020408,Pune,,,,0.7603,WARNING,False
2026-01-21 20:28:51,1459.2,Safari Storme EX,90.2,1304.0,21.4,46.0,84.4774,51.305,14.0872,0.7379,0,0,0.0,6.633,0.2,Aggressive,26.3063,Drizzle,Drizzle,79.2,6.4166,81.4966,1011.8,4.0,58.5,Urban,68631,11,5.6909,4.1954,0.7661,18.519017142857145,73.85129428571429,Pune,,,,0.7603,WARNING,False
2026-01-21 20:28:53,1461.6,Safari Storme EX,89.8,1540.45,31.4,43.3,68.5075,18.2408,14.2074,0.7339,0,0,0.0,9.484,0.2,Smooth,26.2903,Drizzle,Drizzle,79.2,6.3983,81.5322,1011.8,4.0,58.5,Urban,68631,11,5.6908,4.1954,0.7661,18.525088235294117,73.83963529411764,Pune,,,,0.7603,WARNING,False
2026-01-21 20:28:56,1464.0,Safari Storme EX,89.1,1359.84,19.8,43.9,88.7999,50.8199,14.2521,0.7369,0,0,0.0,6.698,0.1,Aggressive,26.2931,Drizzle,Drizzle,79.2,6.386,81.4858,1011.8,4.0,58.5,Urban,68631,11,5.6908,4.1954,0.7661,18.520934736842104,73.84831789473684,Pune,,,,0.7603,WARNING,False
2026-01-21 20:28:58,1466.4,Safari Storme EX,89.6,1401.98,19.6,45.6,74.0879,40.4335,14.2241,0.7433,0,0,0.0,5.047,0.1,Aggressive,26.282,Drizzle,Drizzle,79.2,6.3829,81.4927,1011.8,4.0,58.5,Urban,68631,11,5.6908,4.1954,0.7661,18.526396,73.843636,Pune,,,,0.7603,WARNING,False
2026-01-21 20:29:00,1468.8,Safari Storme EX,89.4,1369.93,21.7,46.0,88.0546,52.5496,14.0906,0.7379,0,0,0.0,4.908,0.0,Aggressive,26.2924,Drizzle,Drizzle,79.2,6.408,81.505,1011.8,4.0,58.5,Urban,68631,11,5.6908,4.1954,0.7662,18.523268571428574,73.85067714285714,Pune,,,,0.7606,WARNING,False
2026-01-21 20:29:03,1471.2,Safari Storme EX,88.9,1367.65,20.4,41.9,69.5527,37.1255,14.2335,0.7372,0,0,0.0,4.998,0.0,Smooth,26.3129,Drizzle,Drizzle,79.2,6.4148,81.52,1011.8,4.0,58.5,Urban,68631,11,5.6908,4.1954,0.7662,18.51474158415842,73.84698316831684,Pune,,,,0.7606,WARNING,False
2026-01-21 20:29:05,1473.6,Safari Storme EX,89.9,1348.65,22.8,47.8,87.4062,23.2128,14.1136,0.7325,0,0,0.0,1.359,0.0,Aggressive,26.3013,Drizzle,Drizzle,79.2,6.3896,81.5038,1011.8,4.0,58.5,Urban,68631,11,5.6908,4.1954,0.7662,18.52518613861386,73.84903465346535,Pune,,,,0.7606,WARNING,False
2026-01-21 20:29:08,1476.0,Safari Storme EX,89.5,1769.06,26.4,42.7,87.733,53.374,14.176,0.7343,0,0,0.0,2.657,0.0,Aggressive,26.2921,Drizzle,Drizzle,79.2,6.4059,81.4944,1011.8,4.0,58.5,Urban,68631,11,5.6907,4.1954,0.7662,18.517684615384614,73.85544615384616,Pune,,,,0.7606,WARNING,False
2026-01-21 20:29:10,1478.4,Safari Storme EX,89.8,1552.86,26.5,43.9,93.215,9.8882,14.115,0.7376,0,0,0.0,2.772,0.0,Aggressive,26.2976,Drizzle,Drizzle,79.2,6.3906,81.526,1011.8,4.0,58.5,Urban,68631,11,5.6907,4.1954,0.7662,18.527695918367346,73.84981632653061,Pune,,,,0.7606,WARNING,False
2026-01-21 20:29:12,1480.8,Safari Storme EX,89.6,1326.71,23.1,45.6,65.919,19.4197,14.1375,0.7433,0,0,0.0,2.602,0.0,Smooth,26.3096,Drizzle,Drizzle,79.2,6.4086,81.4884,1011.8,4.0,58.5,Urban,68631,11,5.6907,4.1954,0.7662,18.52198,73.84858,Pune,,,,0.7606,WARNING,False
2026-01-21 20:29:15,1483.2,Safari Storme EX,90.0,1551.2,21.6,46.3,72.5701,29.3024,14.2203,0.7381,0,0,0.0,2.235,0.0,Aggressive,26.3095,Drizzle,Drizzle,79.2,6.4006,81.4813,1011.8,4.0,58.5,Urban,68631,11,5.6907,4.1954,0.7662,18.516522115384618,73.84813942307693,Pune,,,,0.7606,WARNING,False
2026-01-21 20:29:17,1485.6,Safari Storme EX,89.4,874.03,11.4,43.5,17.3443,12.9651,13.4113,0.7393,0,0,0.0,6.187,0.0,Stop-and-Go,26.2997,Drizzle,Drizzle,79.2,6.3903,81.5,1011.8,4.0,58.5,Urban,68631,11,5.6907,4.1953,0.7662,18.518432999999998,73.862397,Pune,,,,0.7606,WARNING,False
2026-01-21 20:29:20,1488.0,Safari Storme EX,90.1,1394.22,19.0,47.8,94.0177,52.6335,14.13,0.7411,0,0,0.0,5.676,0.0,Aggressive,26.2944,Drizzle,Drizzle,79.2,6.4061,81.5005,1011.8,4.0,58.5,Urban,68631,11,5.6907,4.1953,0.7662,18.517581651376144,73.85189082568807,Pune,,,,0.7606,WARNING,False
2026-01-21 20:29:22,1490.4,Safari Storme EX,89.9,1148.06,13.8,47.9,65.51,44.276,14.1919,0.7426,0,0,0.0,5.023,0.0,Smooth,26.3073,Drizzle,Drizzle,79.2,6.3865,81.5114,1011.8,4.0,58.5,Urban,68631,11,5.6907,4.1953,0.7662,18.522267708333334,73.84710208333333,Pune,,,,0.7606,WARNING,False
2026-01-21 20:29:24,1492.8,Safari Storme EX,90.0,1280.21,17.4,44.6,71.3001,41.9873,14.2015,0.7304,0,0,0.0,4.07,0.0,Aggressive,26.3094,Drizzle,Drizzle,79.2,6.3951,81.5009,1011.8,4.0,58.5,Urban,68631,11,5.6906,4.1953,0.7662,18.521509473684212,73.84780105263158,Pune,,,,0.7606,WARNING,False
2026-01-21 20:29:27,1495.2,Safari Storme EX,90.0,1465.65,17.2,41.2,88.4694,50.0051,14.1289,0.7245,0,0,0.0,3.087,0.0,Aggressive,26.2951,Drizzle,Drizzle,79.2,6.3998,81.494,1011.8,4.0,58.5,Urban,68631,11,5.6906,4.1953,0.7662,18.52510824742268,73.85428041237114,Pune,,,,0.7606,WARNING,False
2026-01-21 20:29:29,1497.6,Safari Storme EX,89.2,1577.56,21.3,44.1,79.2169,44.7746,14.2187,0.7481,0,0,0.0,2.747,0.0,Aggressive,26.2788,Drizzle,Drizzle,79.2,6.39,81.4924,1011.8,4.0,58.5,Urban,68631,11,5.6906,4.1953,0.7662,18.521100970873785,73.84463398058253,Pune,,,,0.7606,WARNING,False
2026-01-21 20:29:32,1500.0,Safari Storme EX,89.6,1563.15,24.3,43.4,85.3837,49.9747,14.175,0.7359,0,0,0.0,4.063,0.0,Aggressive,26.305,Drizzle,Drizzle,79.2,6.3991,81.511,1011.8,4.0,58.5,Urban,68631,11,5.6906,4.1953,0.7662,18.526227272727272,73.84970000000001,Pune,,,,0.7606,WARNING,False
2026-01-21 20:29:34,1502.4,Safari Storme EX,89.6,1438.12,30.3,45.8,90.8758,54.4519,14.1543,0.7299,0,0,0.0,5.45,0.0,Aggressive,26.309,Drizzle,Drizzle,79.2,6.4135,81.5011,1011.8,4.0,58.5,Urban,68631,11,5.6906,4.1953,0.7662,18.51912105263158,73.85452631578947,Pune,,,,0.7606,WARNING,False
2026-01-21 20:29:36,1504.8,Safari Storme EX,89.8,1510.95,21.1,40.8,71.3586,8.8932,14.1807,0.7246,0,0,0.0,4.873,0.0,Aggressive,26.3062,Drizzle,Drizzle,79.2,6.3896,81.5063,1011.8,4.0,58.5,Urban,68631,11,5.6906,4.1953,0.7662,18.520828124999998,73.848271875,Pune,,,,0.7606,WARNING,False
2026-01-21 20:29:39,1507.2,Safari Storme EX,89.5,1531.7,24.2,41.9,88.4156,53.6491,14.229,0.726,0,0,0.0,3.716,0.0,Aggressive,26.3073,Drizzle,Drizzle,79.2,6.3934,81.5016,1011.8,4.0,58.5,Urban,68631,11,5.6906,4.1953,0.7662,18.52522842105263,73.8492947368421,Pune,,,,0.7606,WARNING,False
2026-01-21 20:29:41,1509.6,Safari Storme EX,90.0,1683.24,27.2,41.9,88.1863,54.8005,14.1798,0.726,0,0,0.0,3.478,0.0,Aggressive,26.2879,Drizzle,Drizzle,79.2,6.3852,81.5241,1011.8,4.0,58.5,Urban,68631,11,5.6905,4.1953,0.7662,18.52522842105263,73.8492947368421,Pune,,,,0.7606,WARNING,False
2026-01-21 20:29:44,1512.0,Safari Storme EX,90.3,1608.92,27.8,47.2,67.4071,-0.2934,14.1135,0.735,0,0,0.0,3.548,0.0,Smooth,26.3017,Drizzle,Drizzle,79.2,6.4094,81.5152,1011.8,4.0,58.5,Urban,68631,11,5.6905,4.1953,0.7662,18.52066530612245,73.85363367346939,Pune,,,,0.7606,WARNING,False
2026-01-21 20:29:46,1514.4,Safari Storme EX,90.4,1581.32,28.1,40.6,93.8284,42.0853,14.0986,0.7501,0,0,0.0,2.993,0.0,Aggressive,26.2981,Drizzle,Drizzle,79.2,6.4141,81.5099,1011.8,4.0,58.5,Urban,68631,11,5.6905,4.1953,0.7662,18.519545833333336,73.8552,Pune,,,,0.7606,WARNING,False
2026-01-21 20:29:48,1516.8,Safari Storme EX,89.2,1535.19,20.7,44.2,33.1407,18.7208,14.1826,0.7216,0,0,0.0,3.147,0.0,Smooth,26.3047,Drizzle,Drizzle,79.2,6.4103,81.4989,1011.8,4.0,58.5,Urban,68631,11,5.6905,4.1952,0.7662,18.526753846153845,73.85501346153846,Pune,,,,0.7606,WARNING,False
2026-01-21 20:29:51,1519.2,Safari Storme EX,89.1,1561.76,23.5,40.5,78.0482,49.0062,14.1547,0.7511,0,0,0.0,3.239,0.0,Aggressive,26.2912,Drizzle,Drizzle,79.2,6.3982,81.5154,1011.8,4.0,58.5,Urban,68631,11,5.6905,4.1952,0.7662,18.5198,73.84181546391753,Pune,,,,0.7606,WARNING,False
2026-01-21 20:29:53,1521.6,Safari Storme EX,89.8,1268.2,17.2,44.0,68.4976,24.0243,14.2516,0.7403,0,0,0.0,4.668,0.0,Smooth,26.3076,Drizzle,Drizzle,79.2,6.3943,81.4924,1011.8,4.0,58.5,Urban,68631,11,5.6905,4.1952,0.7662,18.524365957446808,73.84657234042554,Pune,,,,0.7606,WARNING,False
2026-01-21 20:29:56,1524.0,Safari Storme EX,89.9,1295.27,15.2,44.0,67.495,15.669,14.156,0.7403,0,0,0.0,5.119,0.0,Smooth,26.2982,Drizzle,Drizzle,79.2,6.4116,81.5151,1011.8,4.0,58.5,Urban,68631,11,5.6904,4.1952,0.7662,18.521378723404254,73.84767021276596,Pune,,,,0.7606,WARNING,False
2026-01-21 20:29:58,1526.4,Safari Storme EX,90.7,1303.86,19.8,40.6,94.3623,42.6872,14.1389,0.7501,0,0,0.0,3.204,0.0,Aggressive,26.2984,Drizzle,Drizzle,79.2,6.3897,81.4914,1011.8,4.0,58.5,Urban,68631,11,5.6904,4.1952,0.7662,18.519545833333336,73.8552,Pune,,,,0.7606,WARNING,False
2026-01-21 20:30:00,1528.8,Safari Storme EX,89.8,922.24,13.6,42.3,19.8603,16.6325,14.1503,0.7204,0,0,0.0,3.913,0.0,Stop-and-Go,26.2907,Drizzle,Drizzle,79.2,6.3951,81.5224,1011.8,4.0,58.5,Urban,68631,11,5.6904,4.1952,0.7662,18.518645,73.86429,Pune,,,,0.7606,WARNING,False
2026-01-21 20:30:03,1531.2,Safari Storme EX,89.3,1289.56,15.4,44.8,69.4575,40.7889,14.1748,0.7561,0,0,0.0,2.364,0.0,Smooth,26.2951,Drizzle,Drizzle,79.2,6.3973,81.5098,1011.8,4.0,58.5,Urban,68631,11,5.6904,4.1952,0.7662,18.517435294117647,73.85295882352942,Pune,,,,0.7606,WARNING,False
2026-01-21 20:30:05,1533.6,Safari Storme EX,90.1,1541.06,17.9,41.1,86.6076,51.6493,14.0874,0.7557,0,0,0.0,2.454,0.0,Aggressive,26.2915,Drizzle,Drizzle,79.2,6.4214,81.4814,1011.8,4.0,58.5,Urban,68631,11,5.6904,4.1952,0.7662,18.521458163265304,73.84810306122449,Pune,,,,0.7606,WARNING,False
2026-01-21 20:30:08,1536.0,Safari Storme EX,91.0,1415.93,25.5,45.8,86.9923,50.0865,14.1913,0.7367,0,0,0.0,4.6,0.0,Aggressive,26.2875,Drizzle,Drizzle,79.2,6.3974,81.5076,1011.8,4.0,58.5,Urban,68631,11,5.6904,4.1952,0.7662,18.516974226804123,73.84737628865979,Pune,,,,0.7606,WARNING,False
2026-01-21 20:30:10,1538.4,Safari Storme EX,90.5,1614.4,29.8,45.8,88.5637,55.2253,14.1231,0.7299,0,0,0.0,6.926,0.0,Aggressive,26.3084,Drizzle,Drizzle,79.2,6.4035,81.4951,1011.8,4.0,58.5,Urban,68631,11,5.6904,4.1952,0.7662,18.51912105263158,73.85452631578947,Pune,,,,0.7606,WARNING,False
2026-01-21 20:30:12,1540.8,Safari Storme EX,89.5,1537.99,31.7,45.7,90.8986,32.8954,14.1216,0.734,0,0,0.0,7.182,0.0,Aggressive,26.3074,Drizzle,Drizzle,79.2,6.4176,81.5039,1011.8,4.0,58.5,Urban,68631,11,5.6903,4.1952,0.7662,18.523273684210526,73.85847368421054,Pune,,,,0.7606,WARNING,False
2026-01-21 20:30:15,1543.2,Safari Storme EX,89.6,1516.96,32.4,47.7,89.5404,49.5314,14.1698,0.7536,0,0,0.0,5.981,0.0,Aggressive,26.3062,Drizzle,Drizzle,79.2,6.4104,81.5042,1011.8,4.0,58.5,Urban,68631,11,5.6903,4.1952,0.7662,18.519378494623655,73.85640322580645,Pune,,,,0.7606,WARNING,False
2026-01-21 20:30:17,1545.6,Safari Storme EX,90.0,1616.78,32.0,40.0,93.3608,49.838,14.2045,0.7473,0,0,0.0,2.853,0.0,Aggressive,26.2928,Drizzle,Drizzle,79.2,6.3884,81.5002,1011.8,4.0,58.5,Urban,68631,11,5.6903,4.1952,0.7662,18.52340769230769,73.85023365384615,Pune,,,,0.7606,WARNING,False
2026-01-21 20:30:20,1548.0,Safari Storme EX,90.0,1561.43,28.2,40.6,97.0955,39.176,14.0746,0.7286,0,0,0.0,1.773,0.0,Aggressive,26.2905,Drizzle,Drizzle,79.2,6.4081,81.5012,1011.8,4.0,58.5,Urban,68631,11,5.6903,4.1951,0.7662,18.514415533980582,73.85304660194174,Pune,,,,0.7606,WARNING,False
2026-01-21 20:30:22,1550.4,Safari Storme EX,90.4,1622.88,28.8,44.9,98.4349,58.316,14.1983,0.7295,0,0,0.0,1.963,0.0,Aggressive,26.3035,Drizzle,Drizzle,79.2,6.3989,81.5066,1011.8,4.0,58.5,Urban,68631,11,5.6903,4.1951,0.7662,18.51403,73.851492,Pune,,,,0.7606,WARNING,False
2026-01-21 20:30:24,1552.8,Safari Storme EX,89.3,1567.69,19.0,43.3,20.6886,9.3601,10.6818,0.7347,0,0,0.0,5.409,0.0,Stop-and-Go,26.3048,Drizzle,Drizzle,79.2,6.3978,81.5023,1011.8,4.0,58.5,Urban,68631,11,5.6903,4.1951,0.7662,18.522781188118813,73.84672673267328,Pune,,,,0.7606,WARNING,False
2026-01-21 20:30:27,1555.2,Safari Storme EX,90.4,1498.56,21.7,45.8,87.8457,52.2132,14.2329,0.7367,0,0,0.0,5.389,0.0,Aggressive,26.3083,Drizzle,Drizzle,79.2,6.3727,81.4895,1011.8,4.0,58.5,Urban,68631,11,5.6903,4.1951,0.7662,18.51712268041237,73.84952886597938,Pune,,,,0.7606,WARNING,False
2026-01-21 20:30:29,1557.6,Safari Storme EX,89.5,1672.18,19.9,45.6,67.7326,19.0498,14.1665,0.7001,0,0,0.0,4.654,0.0,Smooth,26.304,Drizzle,Drizzle,79.2,6.3946,81.5066,1011.8,4.0,58.5,Urban,68631,11,5.6902,4.1951,0.7662,18.52215,73.8522,Pune,,,,0.7606,WARNING,False
2026-01-21 20:30:32,1560.0,Safari Storme EX,89.5,1454.04,22.2,41.9,85.7703,53.3939,14.2118,0.726,0,0,0.0,3.849,0.0,Aggressive,26.311,Drizzle,Drizzle,79.2,6.4076,81.4985,1011.8,4.0,58.5,Urban,68631,11,5.6902,4.1951,0.7662,18.52522842105263,73.8492947368421,Pune,,,,0.7606,WARNING,False
2026-01-21 20:30:34,1562.4,Safari Storme EX,90.1,1544.73,24.9,43.4,91.948,55.7508,14.2297,0.7359,0,0,0.0,2.285,0.0,Aggressive,26.312,Drizzle,Drizzle,79.2,6.3895,81.5039,1011.8,4.0,58.5,Urban,68631,11,5.6902,4.1951,0.7662,18.524433333333334,73.85130000000001,Pune,,,,0.7606,WARNING,False
2026-01-21 20:30:36,1564.8,Safari Storme EX,90.3,1838.81,25.3,43.9,88.7719,35.5622,14.0852,0.7376,0,0,0.0,2.272,0.0,Aggressive,26.3047,Drizzle,Drizzle,79.2,6.4003,81.4964,1011.8,4.0,58.5,Urban,68631,11,5.6902,4.1951,0.7662,18.52720612244898,73.84937551020408,Pune,,,,0.7606,WARNING,False
2026-01-21 20:30:39,1567.2,Safari Storme EX,89.8,1708.09,29.9,45.5,78.2018,49.9724,14.1361,0.7172,0,0,0.0,3.755,0.0,Aggressive,26.299,Drizzle,Drizzle,79.2,6.4035,81.4984,1011.8,4.0,58.5,Urban,68631,11,5.6902,4.1951,0.7662,18.507392079207918,73.85360297029703,Pune,,,,0.7606,WARNING,False
2026-01-21 20:30:41,1569.6,Safari Storme EX,89.9,1440.17,28.8,45.8,72.7491,6.4334,14.1753,0.7356,0,0,0.0,3.12,0.0,Aggressive,26.2998,Drizzle,Drizzle,79.2,6.4011,81.4884,1011.8,4.0,58.5,Urban,68631,11,5.6902,4.1951,0.7662,18.516640206185567,73.8449144329897,Pune,,,,0.7606,WARNING,False
2026-01-21 20:30:44,1572.0,Safari Storme EX,90.6,1549.8,22.0,45.7,63.9203,39.8198,14.278,0.7457,0,0,0.0,3.185,0.0,Smooth,26.309,Drizzle,Drizzle,79.2,6.4059,81.5067,1011.8,4.0,58.5,Urban,68631,11,5.6901,4.1951,0.7662,18.526056,73.851608,Pune,,,,0.7606,WARNING,False
2026-01-21 20:30:46,1574.4,Safari Storme EX,90.0,1407.23,20.7,46.3,75.081,40.9464,14.2196,0.7381,0,0,0.0,4.045,0.0,Aggressive,26.2968,Drizzle,Drizzle,79.2,6.4061,81.4937,1011.8,4.0,58.5,Urban,68631,11,5.6901,4.1951,0.7662,18.515252884615386,73.84608557692309,Pune,,,,0.7606,WARNING,False
2026-01-21 20:30:48,1576.8,Safari Storme EX,90.1,839.55,12.5,43.5,19.3343,8.4424,12.5935,0.7393,0,0,0.0,7.028,0.0,Stop-and-Go,26.2936,Drizzle,Drizzle,79.2,6.4034,81.488,1011.8,4.0,58.5,Urban,68631,11,5.6901,4.1951,0.7662,18.518601,73.85910899999999,Pune,,,,0.7606,WARNING,False
2026-01-21 20:30:51,1579.2,Safari Storme EX,90.3,1069.42,8.9,45.6,75.115,29.363,14.1799,0.7119,0,0,0.0,7.926,0.0,Aggressive,26.2954,Drizzle,Drizzle,79.2,6.4086,81.5028,1011.8,4.0,58.5,Urban,68631,11,5.6901,4.195,0.7662,18.522706796116506,73.8448786407767,Pune,,,,0.7606,WARNING,False
2026-01-21 20:30:53,1581.6,Safari Storme EX,89.7,906.84,14.4,46.3,74.4939,39.642,14.1548,0.7381,0,0,0.0,5.542,0.0,Aggressive,26.2842,Drizzle,Drizzle,79.2,6.4152,81.5074,1011.8,4.0,58.5,Urban,68631,11,5.6901,4.195,0.7662,18.515252884615386,73.84608557692309,Pune,,,,0.7606,WARNING,False
2026-01-21 20:30:56,1584.0,Safari Storme EX,89.9,1436.07,19.5,44.2,75.8008,46.33,14.1269,0.7255,0,0,0.0,4.908,0.0,Aggressive,26.295,Drizzle,Drizzle,79.2,6.3943,81.4934,1011.8,4.0,58.5,Urban,68631,11,5.6901,4.195,0.7662,18.519009615384615,73.84571346153847,Pune,,,,0.7606,WARNING,False
2026-01-21 20:30:58,1586.4,Safari Storme EX,89.7,1569.82,26.2,41.7,86.1784,52.0377,14.1827,0.7325,0,0,0.0,6.728,0.0,Aggressive,26.3072,Drizzle,Drizzle,79.2,6.3971,81.5144,1011.8,4.0,58.5,Urban,68631,11,5.6901,4.195,0.7662,18.51540606060606,73.85076969696969,Pune,,,,0.7606,WARNING,False
2026-01-21 20:31:00,1588.8,Safari Storme EX,90.2,1466.67,27.5,44.9,97.9836,56.4023,14.2134,0.7295,0,0,0.0,7.859,0.0,Aggressive,26.2903,Drizzle,Drizzle,79.2,6.3944,81.5076,1011.8,4.0,58.5,Urban,68631,11,5.69,4.195,0.7662,18.51403,73.851492,Pune,,,,0.7606,WARNING,False
2026-01-21 20:31:03,1591.2,Safari Storme EX,89.9,1400.14,24.3,46.4,86.9096,45.271,14.2049,0.7347,0,0,0.0,5.396,0.0,Aggressive,26.3134,Drizzle,Drizzle,79.2,6.42,81.5159,1011.8,4.0,58.5,Urban,68631,11,5.69,4.195,0.7662,18.52177894736842,73.84759473684211,Pune,,,,0.7606,WARNING,False
2026-01-21 20:31:05,1593.6,Safari Storme EX,89.4,1452.64,19.2,41.3,60.7118,30.9746,14.1295,0.7434,0,0,0.0,3.817,0.0,Smooth,26.3057,Drizzle,Drizzle,79.2,6.3956,81.5134,1011.8,4.0,58.5,Urban,68631,11,5.69,4.195,0.7662,18.520573469387756,73.84334489795918,Pune,,,,0.7606,WARNING,False
2026-01-21 20:31:08,1596.0,Safari Storme EX,90.1,1419.15,21.3,47.2,69.8035,0.4843,14.1355,0.735,0,0,0.0,3.43,0.0,Smooth,26.3153,Drizzle,Drizzle,79.2,6.405,81.5126,1011.8,4.0,58.5,Urban,68632,11,5.69,4.195,0.7663,18.52061632653061,73.85184591836735,Pune,,,,0.7609,WARNING,False
2026-01-21 20:31:10,1598.4,Safari Storme EX,90.3,1373.04,15.8,48.0,75.5689,47.6213,14.1996,0.7359,0,0,0.0,4.516,0.0,Aggressive,26.3066,Drizzle,Drizzle,79.2,6.3897,81.4816,1011.8,4.0,58.5,Urban,68632,11,5.69,4.195,0.7663,18.521754901960783,73.84373823529411,Pune,,,,0.7609,WARNING,False
2026-01-21 20:31:12,1600.8,Safari Storme EX,90.6,1459.23,22.3,47.8,92.0157,36.5635,14.0586,0.7325,0,0,0.0,3.243,0.0,Aggressive,26.3103,Drizzle,Drizzle,79.2,6.3946,81.4886,1011.8,4.0,58.5,Urban,68632,11,5.69,4.195,0.7663,18.52601782178218,73.84575544554455,Pune,,,,0.7609,WARNING,False
2026-01-21 20:31:15,1603.2,Safari Storme EX,90.4,1674.62,26.1,40.6,97.1931,25.4769,14.1029,0.7286,0,0,0.0,3.81,0.0,Aggressive,26.3182,Drizzle,Drizzle,79.2,6.4097,81.5129,1011.8,4.0,58.5,Urban,68632,11,5.6899,4.195,0.7663,18.512714563106798,73.85034368932038,Pune,,,,0.7609,WARNING,False
2026-01-21 20:31:17,1605.6,Safari Storme EX,89.9,1349.09,17.2,43.5,19.1307,10.8501,13.4196,0.7393,0,0,0.0,4.13,0.0,Stop-and-Go,26.2888,Drizzle,Drizzle,79.2,6.3831,81.5073,1011.8,4.0,58.5,Urban,68632,11,5.6899,4.195,0.7663,18.518432999999998,73.862397,Pune,,,,0.7609,WARNING,False
2026-01-21 20:31:20,1608.0,Safari Storme EX,90.7,1035.43,13.9,47.9,61.1607,10.9576,14.2503,0.7426,0,0,0.0,5.019,0.0,Smooth,26.3082,Drizzle,Drizzle,79.2,6.3891,81.4974,1011.8,4.0,58.5,Urban,68632,11,5.6899,4.195,0.7663,18.527142708333333,73.85445208333334,Pune,,,,0.7609,WARNING,False
2026-01-21 20:31:22,1610.4,Safari Storme EX,90.1,1465.62,23.4,44.2,87.0653,7.7288,14.2292,0.7566,0,0,0.0,4.935,0.0,Aggressive,26.3051,Drizzle,Drizzle,79.2,6.3787,81.4952,1011.8,4.0,58.5,Urban,68632,11,5.6899,4.195,0.7663,18.51777142857143,73.848,Pune,,,,0.7609,WARNING,False
2026-01-21 20:31:24,1612.8,Safari Storme EX,90.1,1507.21,17.5,46.8,68.2163,40.9545,14.208,0.7426,0,0,0.0,4.984,0.0,Smooth,26.3059,Drizzle,Drizzle,79.2,6.3881,81.4958,1011.8,4.0,58.5,Urban,68632,11,5.6899,4.1949,0.7663,18.516036082474226,73.85236391752578,Pune,,,,0.7609,WARNING,False
2026-01-21 20:31:27,1615.2,Safari Storme EX,90.2,1502.58,24.3,45.8,86.3532,51.5492,14.1489,0.7367,0,0,0.0,4.433,0.0,Aggressive,26.3101,Drizzle,Drizzle,79.2,6.4018,81.5149,1011.8,4.0,58.5,Urban,68632,11,5.6899,4.1949,0.7663,18.51712268041237,73.84952886597938,Pune,,,,0.7609,WARNING,False
2026-01-21 20:31:29,1617.6,Safari Storme EX,90.9,1706.6,30.2,41.7,88.5827,53.5709,14.1966,0.7325,0,0,0.0,6.33,0.0,Aggressive,26.3232,Drizzle,Drizzle,79.2,6.4053,81.4996,1011.8,4.0,58.5,Urban,68632,11,5.6899,4.1949,0.7663,18.51710303030303,73.84868484848485,Pune,,,,0.7609,WARNING,False
2026-01-21 20:31:32,1620.0,Safari Storme EX,89.7,1421.3,20.7,41.9,71.5141,35.8758,14.173,0.7372,0,0,0.0,4.717,0.0,Aggressive,26.3039,Drizzle,Drizzle,79.2,6.386,81.4961,1011.8,4.0,58.5,Urban,68632,11,5.6898,4.1949,0.7663,18.51474158415842,73.84698316831684,Pune,,,,0.7609,WARNING,False
2026-01-21 20:31:34,1622.4,Safari Storme EX,90.8,1438.2,26.1,40.6,100.3861,0.415,14.1427,0.7286,0,0,0.0,4.894,0.0,Aggressive,26.2898,Drizzle,Drizzle,79.2,6.4018,81.4859,1011.8,4.0,58.5,Urban,68632,11,5.6898,4.1949,0.7663,18.509312621359225,73.84493786407766,Pune,,,,0.7609,WARNING,False
2026-01-21 20:31:36,1624.8,Safari Storme EX,90.1,1507.28,26.4,40.1,93.1903,50.187,14.139,0.7353,0,0,0.0,3.454,0.0,Aggressive,26.2945,Drizzle,Drizzle,79.2,6.4006,81.4821,1011.8,4.0,58.5,Urban,68632,11,5.6898,4.1949,0.7663,18.5287875,73.8539625,Pune,,,,0.7609,WARNING,False
2026-01-21 20:31:39,1627.2,Safari Storme EX,90.1,1564.26,24.3,46.8,66.8593,38.6239,14.1696,0.7426,0,0,0.0,3.454,0.0,Smooth,26.3038,Drizzle,Drizzle,79.2,6.405,81.5091,1011.8,4.0,58.5,Urban,68632,11,5.6898,4.1949,0.7663,18.516407216494844,73.85439278350516,Pune,,,,0.7609,WARNING,False
2026-01-21 20:31:41,1629.6,Safari Storme EX,90.4,1463.41,25.8,41.9,90.448,56.2791,14.1495,0.726,0,0,0.0,2.356,0.0,Aggressive,26.2968,Drizzle,Drizzle,79.2,6.4097,81.496,1011.8,4.0,58.5,Urban,68632,11,5.6898,4.1949,0.7663,18.525177894736842,73.84992631578947,Pune,,,,0.7609,WARNING,False
2026-01-21 20:31:44,1632.0,Safari Storme EX,90.7,1551.63,23.9,41.9,92.1893,55.3735,14.2038,0.726,0,0,0.0,1.125,0.0,Aggressive,26.3078,Drizzle,Drizzle,79.2,6.4035,81.5024,1011.8,4.0,58.5,Urban,68632,11,5.6898,4.1949,0.7663,18.525127368421053,73.85055789473684,Pune,,,,0.7609,WARNING,False
2026-01-21 20:31:46,1634.4,Safari Storme EX,90.9,1461.37,23.1,44.1,78.8197,44.1825,14.1785,0.7481,0,0,0.0,1.366,0.0,Aggressive,26.2768,Drizzle,Drizzle,79.2,6.4024,81.5047,1011.8,4.0,58.5,Urban,68632,11,5.6898,4.1949,0.7663,18.521100970873785,73.84463398058253,Pune,,,,0.7609,WARNING,False
2026-01-21 20:31:48,1636.8,Safari Storme EX,90.6,1438.93,17.8,40.1,72.4408,41.0151,14.2739,0.737,0,0,0.0,3.057,0.0,Aggressive,26.3027,Drizzle,Drizzle,79.2,6.4122,81.5073,1011.8,4.0,58.5,Urban,68632,11,5.6897,4.1949,0.7663,18.521376470588237,73.85352156862744,Pune,,,,0.7609,WARNING,False
2026-01-21 20:31:51,1639.2,Safari Storme EX,90.0,1576.51,24.1,40.6,89.3735,29.1498,14.146,0.7501,0,0,0.0,3.037,0.0,Aggressive,26.2941,Drizzle,Drizzle,79.2,6.3898,81.5069,1011.8,4.0,58.5,Urban,68632,11,5.6897,4.1949,0.7663,18.523320833333333,73.854,Pune,,,,0.7609,WARNING,False
2026-01-21 20:31:53,1641.6,Safari Storme EX,90.5,1556.14,27.1,43.4,86.0357,50.4647,14.1046,0.7359,0,0,0.0,3.379,0.0,Aggressive,26.2882,Drizzle,Drizzle,79.2,6.4049,81.5118,1011.8,4.0,58.5,Urban,68632,11,5.6897,4.1949,0.7663,18.526227272727272,73.84970000000001,Pune,,,,0.7609,WARNING,False
2026-01-21 20:31:56,1644.0,Safari Storme EX,90.7,1342.41,19.2,45.6,70.1304,3.4748,14.2319,0.7119,0,0,0.0,3.767,0.0,Aggressive,26.316,Drizzle,Drizzle,79.2,6.4097,81.5027,1011.8,4.0,58.5,Urban,68632,11,5.6897,4.1948,0.7663,18.517300970873787,73.84883980582525,Pune,,,,0.7609,WARNING,False
2026-01-21 20:31:58,1646.4,Safari Storme EX,90.7,1352.97,15.3,41.3,61.906,12.3608,14.0793,0.7434,0,0,0.0,4.805,0.0,Smooth,26.296,Drizzle,Drizzle,79.2,6.4061,81.5008,1011.8,4.0,58.5,Urban,68632,11,5.6897,4.1948,0.7663,18.516067346938776,73.84672448979592,Pune,,,,0.7609,WARNING,False
2026-01-21 20:32:00,1648.8,Safari Storme EX,90.3,1465.41,22.4,45.5,82.2372,51.8192,14.2007,0.7172,0,0,0.0,4.544,0.0,Aggressive,26.2949,Drizzle,Drizzle,79.2,6.4164,81.491,1011.8,4.0,58.5,Urban,68632,11,5.6897,4.1948,0.7663,18.513237623762375,73.85441089108912,Pune,,,,0.7609,WARNING,False
2026-01-21 20:32:03,1651.2,Safari Storme EX,89.9,1436.07,21.0,44.7,78.6214,-0.121,14.163,0.7382,0,0,0.0,4.327,0.0,Aggressive,26.3068,Drizzle,Drizzle,79.2,6.3993,81.5029,1011.8,4.0,58.5,Urban,68632,11,5.6896,4.1948,0.7663,18.519890384615387,73.84974903846154,Pune,,,,0.7609,WARNING,False
2026-01-21 20:32:05,1653.6,Safari Storme EX,91.0,1769.53,29.4,42.3,92.3235,3.493,14.1068,0.742,0,0,0.0,5.177,0.0,Aggressive,26.3,Drizzle,Drizzle,79.2,6.4042,81.4922,1011.8,4.0,58.5,Urban,68632,11,5.6896,4.1948,0.7663,18.52761,73.848783,Pune,,,,0.7609,WARNING,False
2026-01-21 20:32:08,1656.0,Safari Storme EX,89.6,1565.7,27.8,40.1,72.9352,41.8873,14.2644,0.737,0,0,0.0,5.646,0.0,Aggressive,26.3058,Drizzle,Drizzle,79.2,6.4099,81.4921,1011.8,4.0,58.5,Urban,68632,11,5.6896,4.1948,0.7663,18.521376470588237,73.85352156862744,Pune,,,,0.7609,WARNING,False
2026-01-21 20:32:10,1658.4,Safari Storme EX,90.9,1024.88,14.6,44.2,40.334,21.9164,14.145,0.7216,0,0,1.0,5.893,0.0,Smooth,26.3156,Drizzle,Drizzle,79.2,6.4032,81.5063,1011.8,4.0,58.5,Urban,68632,11,5.6896,4.1948,0.7663,18.525646153846154,73.85263653846154,Pune,,,,0.7609,WARNING,False
2026-01-21 20:32:12,1660.8,Safari Storme EX,90.6,1402.19,22.2,40.7,84.6621,51.2289,14.2156,0.7357,0,0,0.0,5.899,0.0,Aggressive,26.2971,Drizzle,Drizzle,79.2,6.4074,81.4848,1011.8,4.0,58.5,Urban,68632,11,5.6896,4.1948,0.7663,18.517216304347826,73.85176086956523,Pune,,,,0.7609,WARNING,False
2026-01-21 20:32:15,1663.2,Safari Storme EX,90.9,1600.39,28.0,44.6,96.1545,-0.8766,14.2528,0.7338,0,0,0.0,6.132,0.0,Aggressive,26.2917,Drizzle,Drizzle,79.2,6.4129,81.5014,1011.8,4.0,58.5,Urban,68632,11,5.6896,4.1948,0.7663,18.527728846153845,73.84843846153846,Pune,,,,0.7609,WARNING,False
2026-01-21 20:32:17,1665.6,Safari Storme EX,90.9,1393.95,16.8,43.5,18.3996,8.4158,12.5231,0.7393,0,0,0.0,6.152,0.0,Stop-and-Go,26.3026,Drizzle,Drizzle,79.2,6.3902,81.5033,1011.8,4.0,58.5,Urban,68632,11,5.6896,4.1948,0.7663,18.518601,73.85910899999999,Pune,,,,0.7609,WARNING,False
2026-01-21 20:32:20,1668.0,Safari Storme EX,90.2,1610.38,24.9,45.7,90.5365,32.758,14.1737,0.734,0,0,0.0,5.563,0.0,Aggressive,26.3111,Drizzle,Drizzle,79.2,6.3905,81.4988,1011.8,4.0,58.5,Urban,68632,11,5.6895,4.1948,0.7663,18.523273684210526,73.85847368421054,Pune,,,,0.7609,WARNING,False
2026-01-21 20:32:22,1670.4,Safari Storme EX,90.1,1350.2,16.4,42.7,62.1324,42.1757,14.1037,0.7325,0,0,0.0,5.056,0.0,Smooth,26.3025,Drizzle,Drizzle,79.2,6.4106,81.4956,1011.8,4.0,58.5,Urban,68632,11,5.6895,4.1948,0.7663,18.52273738317757,73.84689252336449,Pune,,,,0.7609,WARNING,False
2026-01-21 20:32:24,1672.8,Safari Storme EX,90.1,833.21,12.6,41.0,13.897,-0.6042,14.1881,0.7337,0,0,0.0,6.435,0.0,Stop-and-Go,26.2862,Drizzle,Drizzle,79.2,6.4022,81.5215,1011.8,4.0,58.5,Urban,68632,11,5.6895,4.1948,0.7663,18.517815384615385,73.84859807692308,Pune,,,,0.7609,WARNING,False
2026-01-21 20:32:27,1675.2,Safari Storme EX,90.0,982.54,10.0,43.3,17.8846,0.5917,10.8427,0.7347,0,0,0.0,5.645,0.0,Stop-and-Go,26.3032,Drizzle,Drizzle,79.2,6.3954,81.5135,1011.8,4.0,58.5,Urban,68632,11,5.6895,4.1947,0.7663,18.5205,73.8482,Pune,,,,0.7609,WARNING,False
2026-01-21 20:32:29,1677.6,Safari Storme EX,90.0,949.11,10.6,44.8,69.2168,39.6414,14.1416,0.7561,0,0,0.0,6.125,0.0,Smooth,26.2964,Drizzle,Drizzle,79.2,6.3921,81.4914,1011.8,4.0,58.5,Urban,68632,11,5.6895,4.1947,0.7663,18.517435294117647,73.85295882352942,Pune,,,,0.7609,WARNING,False
2026-01-21 20:32:32,1680.0,Safari Storme EX,91.0,1352.16,19.2,45.9,92.1854,-0.4527,14.1054,0.7444,0,0,0.0,3.938,0.0,Aggressive,26.3029,Drizzle,Drizzle,79.2,6.3989,81.5037,1011.8,4.0,58.5,Urban,68632,11,5.6895,4.1947,0.7663,18.52841485148515,73.8527089108911,Pune,,,,0.7609,WARNING,False
2026-01-21 20:32:34,1682.4,Safari Storme EX,89.8,1518.45,17.2,40.8,75.8037,20.9193,14.129,0.7246,0,0,0.0,4.086,0.0,Aggressive,26.2985,Drizzle,Drizzle,79.2,6.3975,81.4978,1011.8,4.0,58.5,Urban,68632,11,5.6895,4.1947,0.7663,18.521353125,73.849346875,Pune,,,,0.7609,WARNING,False
2026-01-21 20:32:36,1684.8,Safari Storme EX,90.3,1360.91,18.5,41.5,65.5901,40.1946,14.1771,0.7388,0,0,0.0,4.445,0.0,Smooth,26.3099,Drizzle,Drizzle,79.2,6.4022,81.5014,1011.8,4.0,58.5,Urban,68632,11,5.6894,4.1947,0.7663,18.521908571428572,73.84729428571428,Pune,,,,0.7609,WARNING,False
2026-01-21 20:32:39,1687.2,Safari Storme EX,90.3,953.24,9.9,42.3,20.0359,13.0385,14.1829,0.7204,0,0,0.0,4.474,0.0,Stop-and-Go,26.2871,Drizzle,Drizzle,79.2,6.3872,81.4966,1011.8,4.0,58.5,Urban,68632,11,5.6894,4.1947,0.7663,18.518645,73.86429,Pune,,,,0.7609,WARNING,False
2026-01-21 20:32:41,1689.6,Safari Storme EX,90.8,944.44,8.8,41.9,67.7025,7.5827,14.205,0.7372,0,0,0.0,4.97,0.0,Smooth,26.2864,Drizzle,Drizzle,79.2,6.4069,81.4948,1011.8,4.0,58.5,Urban,68632,11,5.6894,4.1947,0.7663,18.515169306930694,73.84783861386138,Pune,,,,0.7609,WARNING,False
2026-01-21 20:32:44,1692.0,Safari Storme EX,90.6,1012.46,1.3,43.5,17.4324,10.5091,13.4105,0.7393,0,0,0.0,6.977,0.0,Stop-and-Go,26.2995,Drizzle,Drizzle,79.2,6.4096,81.4955,1011.8,4.0,58.5,Urban,68632,11,5.6894,4.1947,0.7663,18.518432999999998,73.862397,Pune,,,,0.7609,WARNING,False
2026-01-21 20:32:46,1694.4,Safari Storme EX,90.1,1156.67,13.7,43.9,85.3412,51.0896,14.2306,0.7369,0,0,0.0,6.366,0.0,Aggressive,26.2957,Drizzle,Drizzle,79.2,6.4015,81.4996,1011.8,4.0,58.5,Urban,68632,11,5.6894,4.1947,0.7663,18.51952,73.84948,Pune,,,,0.7609,WARNING,False
2026-01-21 20:32:48,1696.8,Safari Storme EX,89.7,922.62,14.3,47.9,64.4004,43.237,14.127,0.7426,0,0,0.0,5.209,0.0,Smooth,26.3204,Drizzle,Drizzle,79.2,6.4013,81.4937,1011.8,4.0,58.5,Urban,68632,11,5.6894,4.1947,0.7663,18.522267708333334,73.84710208333333,Pune,,,,0.7609,WARNING,False
2026-01-21 20:32:51,1699.2,Safari Storme EX,90.7,925.44,13.0,41.5,66.2732,43.1025,14.1867,0.7388,0,0,0.0,5.433,0.0,Smooth,26.3105,Drizzle,Drizzle,79.2,6.3904,81.4872,1011.8,4.0,58.5,Urban,68632,11,5.6893,4.1947,0.7663,18.521908571428572,73.84729428571428,Pune,,,,0.7609,WARNING,False
2026-01-21 20:32:53,1701.6,Safari Storme EX,90.8,907.61,13.7,42.5,61.27,-0.794,14.0843,0.7595,0,0,0.0,5.553,0.0,Smooth,26.3119,Drizzle,Drizzle,79.2,6.3977,81.4974,1011.8,4.0,58.5,Urban,68632,11,5.6893,4.1947,0.7663,18.513833333333334,73.8492137254902,Pune,,,,0.7609,WARNING,False
2026-01-21 20:32:56,1704.0,Safari Storme EX,90.9,1561.46,20.9,40.1,98.394,10.9055,14.1633,0.7353,0,0,0.0,3.264,0.0,Aggressive,26.3016,Drizzle,Drizzle,79.2,6.4098,81.4937,1011.8,4.0,58.5,Urban,68632,11,5.6893,4.1947,0.7663,18.5262375,73.84871249999999,Pune,,,,0.7609,WARNING,False
2026-01-21 20:32:58,1706.4,Safari Storme EX,90.8,981.92,13.9,42.5,57.0202,-0.4485,14.1548,0.7595,0,0,0.0,3.243,0.0,Smooth,26.3056,Drizzle,Drizzle,79.2,6.4128,81.4974,1011.8,4.0,58.5,Urban,68632,11,5.6893,4.1947,0.7663,18.523433333333333,73.84787254901961,Pune,,,,0.7609,WARNING,False
2026-01-21 20:33:00,1708.8,Safari Storme EX,90.5,1457.88,20.9,45.9,87.9761,0.1554,14.1682,0.7444,0,0,0.0,4.049,0.0,Aggressive,26.3048,Drizzle,Drizzle,79.2,6.3964,81.5004,1011.8,4.0,58.5,Urban,68632,11,5.6893,4.1946,0.7663,18.524565346534654,73.85327920792079,Pune,,,,0.7609,WARNING,False
2026-01-21 20:33:03,1711.2,Safari Storme EX,90.8,1522.58,20.4,44.6,59.7381,35.1215,14.2581,0.7304,0,0,0.0,3.804,0.0,Smooth,26.3029,Drizzle,Drizzle,79.2,6.4007,81.4884,1011.8,4.0,58.5,Urban,68632,11,5.6893,4.1946,0.7663,18.52433894736842,73.85078210526316,Pune,,,,0.7609,WARNING,False
2026-01-21 20:33:05,1713.6,Safari Storme EX,89.9,1424.21,21.4,44.1,79.1692,45.5318,14.2794,0.7481,0,0,0.0,3.15,0.0,Aggressive,26.2984,Drizzle,Drizzle,79.2,6.3935,81.5144,1011.8,4.0,58.5,Urban,68632,11,5.6893,4.1946,0.7663,18.520168932038835,73.84561262135922,Pune,,,,0.7609,WARNING,False
2026-01-21 20:33:08,1716.0,Safari Storme EX,90.8,1476.78,23.4,44.1,78.6684,46.8419,14.2601,0.7481,0,0,0.0,3.595,0.0,Aggressive,26.2967,Drizzle,Drizzle,79.2,6.4035,81.5071,1011.8,4.0,58.5,Urban,68632,11,5.6892,4.1946,0.7663,18.520168932038835,73.84561262135922,Pune,,,,0.7609,WARNING,False
2026-01-21 20:33:10,1718.4,Safari Storme EX,90.6,1452.73,15.9,41.9,69.465,28.3033,14.1619,0.7372,0,0,0.0,2.761,0.0,Smooth,26.318,Drizzle,Drizzle,79.2,6.3862,81.4948,1011.8,4.0,58.5,Urban,68632,11,5.6892,4.1946,0.7663,18.514884158415843,73.84726831683169,Pune,,,,0.7609,WARNING,False
2026-01-21 20:33:12,1720.8,Safari Storme EX,90.6,932.38,14.6,42.9,62.8827,15.6509,14.1742,0.7344,0,0,0.0,3.74,0.0,Smooth,26.305,Drizzle,Drizzle,79.2,6.4034,81.5046,1011.8,4.0,58.5,Urban,68632,11,5.6892,4.1946,0.7663,18.525206451612902,73.85419677419355,Pune,,,,0.7609,WARNING,False
2026-01-21 20:33:15,1723.2,Safari Storme EX,90.3,1579.02,20.4,45.8,85.9796,46.9756,14.1833,0.7356,0,0,0.0,3.74,0.0,Aggressive,26.2852,Drizzle,Drizzle,79.2,6.4121,81.5057,1011.8,4.0,58.5,Urban,68632,11,5.6892,4.1946,0.7664,18.516862886597938,73.84610206185567,Pune,,,,0.7611,WARNING,False
2026-01-21 20:33:17,1725.6,Safari Storme EX,90.6,1281.15,16.8,43.1,60.5807,28.4713,14.1164,0.7346,0,0,0.0,3.609,0.0,Smooth,26.2852,Drizzle,Drizzle,79.2,6.3981,81.5147,1011.8,4.0,58.5,Urban,68632,11,5.6892,4.1946,0.7664,18.515743298969074,73.84907113402062,Pune,,,,0.7611,WARNING,False
2026-01-21 20:33:20,1728.0,Safari Storme EX,90.9,1362.88,22.6,47.8,97.1851,54.0025,14.1637,0.7411,0,0,0.0,3.328,0.0,Aggressive,26.299,Drizzle,Drizzle,79.2,6.3975,81.5159,1011.8,4.0,58.5,Urban,68632,11,5.6892,4.1946,0.7664,18.52194128440367,73.84687064220184,Pune,,,,0.7611,WARNING,False
2026-01-21 20:33:22,1730.4,Safari Storme EX,89.8,1398.04,15.2,41.0,17.2384,5.4562,14.1716,0.7337,0,0,0.0,3.454,0.0,Stop-and-Go,26.2875,Drizzle,Drizzle,79.2,6.3972,81.4926,1011.8,4.0,58.5,Urban,68632,11,5.6892,4.1946,0.7664,18.5168,73.84977500000001,Pune,,,,0.7611,WARNING,False
2026-01-21 20:33:24,1732.8,Safari Storme EX,91.2,800.28,0.0,40.3,93.6785,11.1751,14.1434,0.7581,0,0,1.0,8.877,0.1,Stop-and-Go,26.3145,Drizzle,Drizzle,79.2,6.4039,81.5022,1011.8,4.0,58.5,Urban,68632,11,5.6891,4.1946,0.7664,18.528082178217822,73.85183366336634,Pune,,,,0.7611,WARNING,False
2026-01-21 20:33:27,1735.2,Safari Storme EX,90.4,1039.58,4.9,42.9,61.1712,15.9647,14.1626,0.7344,0,0,0.0,9.22,0.1,Smooth,26.29,Drizzle,Drizzle,79.2,6.393,81.5102,1011.8,4.0,58.5,Urban,68632,11,5.6891,4.1946,0.7664,18.525206451612902,73.85419677419355,Pune,,,,0.7611,WARNING,False
2026-01-21 20:33:29,1737.6,Safari Storme EX,91.3,760.44,11.4,40.9,84.3075,48.3801,14.2044,0.7204,0,0,0.0,8.809,0.1,Aggressive,26.2934,Drizzle,Drizzle,79.2,6.3819,81.5048,1011.8,4.0,58.5,Urban,68632,11,5.6891,4.1946,0.7664,18.520957142857142,73.84734285714286,Pune,,,,0.7611,WARNING,False
2026-01-21 20:33:32,1740.0,Safari Storme EX,90.2,1029.17,13.9,45.1,95.2059,12.8687,14.1288,0.7274,0,0,0.0,6.442,0.1,Aggressive,26.3026,Drizzle,Drizzle,79.2,6.3979,81.5021,1011.8,4.0,58.5,Urban,68632,11,5.6891,4.1945,0.7664,18.527118367346937,73.85168979591838,Pune,,,,0.7611,WARNING,False
2026-01-21 20:33:34,1742.4,Safari Storme EX,90.6,1034.5,13.9,44.2,46.6635,27.4029,14.1939,0.7216,0,0,0.0,6.153,0.1,Smooth,26.3137,Drizzle,Drizzle,79.2,6.3908,81.4998,1011.8,4.0,58.5,Urban,68632,11,5.6891,4.1945,0.7664,18.524538461538462,73.85025961538462,Pune,,,,0.7611,WARNING,False
2026-01-21 20:33:36,1744.8,Safari Storme EX,90.9,750.0,1.7,45.8,88.4247,46.0974,14.1558,0.7356,0,0,1.0,5.562,0.1,Stop-and-Go,26.3009,Drizzle,Drizzle,79.2,6.3994,81.5033,1011.8,4.0,58.5,Urban,68632,11,5.6891,4.1945,0.7664,18.516862886597938,73.84610206185567,Pune,,,,0.7611,WARNING,False
2026-01-21 20:33:39,1747.2,Safari Storme EX,91.0,789.64,0.0,45.6,79.5506,41.4494,14.1705,0.7119,0,0,0.0,6.795,0.2,Stop-and-Go,26.3021,Drizzle,Drizzle,79.2,6.3905,81.5043,1011.8,4.0,58.5,Urban,68632,11,5.689,4.1945,0.7664,18.525409708737865,73.84289805825243,Pune,,,,0.7611,WARNING,False
2026-01-21 20:33:41,1749.6,Safari Storme EX,91.4,821.43,0.0,45.8,89.5249,55.8498,14.1403,0.7299,0,0,0.0,7.336,0.3,Stop-and-Go,26.2963,Drizzle,Drizzle,79.2,6.4068,81.4908,1011.8,4.0,58.5,Urban,68632,11,5.689,4.1945,0.7664,18.51912105263158,73.85452631578947,Pune,,,,0.7611,WARNING,False
2026-01-21 20:33:44,1752.0,Safari Storme EX,90.3,1033.74,2.0,44.8,74.197,42.7342,14.1751,0.7561,0,0,0.0,5.877,0.3,Stop-and-Go,26.308,Drizzle,Drizzle,79.2,6.3999,81.494,1011.8,4.0,58.5,Urban,68632,11,5.689,4.1945,0.7664,18.519929411764707,73.84778235294118,Pune,,,,0.7611,WARNING,False
2026-01-21 20:33:46,1754.4,Safari Storme EX,91.3,945.09,5.0,41.5,53.631,31.5131,14.2152,0.7388,0,0,0.0,2.046,0.3,Smooth,26.2727,Drizzle,Drizzle,79.2,6.3927,81.5151,1011.8,4.0,58.5,Urban,68632,11,5.689,4.1945,0.7664,18.52513142857143,73.85154571428572,Pune,,,,0.7611,WARNING,False
2026-01-21 20:33:48,1756.8,Safari Storme EX,90.0,943.41,11.2,45.9,92.3311,0.9662,14.1258,0.7444,0,0,0.0,4.696,0.2,Aggressive,26.3104,Drizzle,Drizzle,79.2,6.3912,81.4913,1011.8,4.0,58.5,Urban,68632,11,5.689,4.1945,0.7664,18.52841485148515,73.8527089108911,Pune,,,,0.7611,WARNING,False
2026-01-21 20:33:51,1759.2,Safari Storme EX,91.0,891.59,6.6,40.8,79.9902,36.4752,14.136,0.7246,0,0,0.0,4.33,0.2,Aggressive,26.3036,Drizzle,Drizzle,79.2,6.4131,81.4985,1011.8,4.0,58.5,Urban,68632,11,5.689,4.1945,0.7664,18.521878125,73.850421875,Pune,,,,0.7611,WARNING,False
2026-01-21 20:33:53,1761.6,Safari Storme EX,90.8,896.54,8.6,40.1,96.6718,24.6496,14.1562,0.7353,0,0,0.0,3.495,0.2,Aggressive,26.2964,Drizzle,Drizzle,79.2,6.3778,81.5027,1011.8,4.0,58.5,Urban,68632,11,5.689,4.1945,0.7664,18.5270875,73.85046249999999,Pune,,,,0.7611,WARNING,False
2026-01-21 20:33:56,1764.0,Safari Storme EX,90.8,939.87,8.9,44.4,82.8945,53.5407,14.0967,0.7383,0,0,0.0,2.364,0.2,Aggressive,26.2991,Drizzle,Drizzle,79.2,6.4109,81.5011,1011.8,4.0,58.5,Urban,68632,11,5.6889,4.1945,0.7664,18.52154387755102,73.85220612244898,Pune,,,,0.7611,WARNING,False
2026-01-21 20:33:58,1766.4,Safari Storme EX,91.2,1594.77,25.8,44.3,21.497,15.7276,14.1723,0.7146,0,0,0.0,7.765,0.2,Smooth,26.2924,Drizzle,Drizzle,79.2,6.3879,81.5114,1011.8,4.0,58.5,Urban,68632,11,5.6889,4.1945,0.7664,18.515749999999997,73.84909999999999,Pune,,,,0.7611,WARNING,False
2026-01-21 20:34:00,1768.8,Safari Storme EX,90.3,1683.64,26.8,47.0,65.4638,-0.3557,14.1614,0.7399,0,0,0.0,10.05,0.2,Smooth,26.3001,Drizzle,Drizzle,79.2,6.3932,81.5056,1011.8,4.0,58.5,Urban,68632,11,5.6889,4.1945,0.7664,18.52431782178218,73.84601485148515,Pune,,,,0.7611,WARNING,False
2026-01-21 20:34:03,1771.2,Safari Storme EX,90.5,1678.61,24.8,46.4,82.5656,17.0285,14.124,0.7347,0,0,0.0,9.366,0.1,Aggressive,26.2994,Drizzle,Drizzle,79.2,6.408,81.4855,1011.8,4.0,58.5,Urban,68632,11,5.6889,4.1944,0.7664,18.52299157894737,73.85173789473684,Pune,,,,0.7611,WARNING,False
2026-01-21 20:34:05,1773.6,Safari Storme EX,90.2,1572.84,28.1,43.7,92.5783,8.5034,14.1754,0.7391,0,0,0.0,7.91,0.0,Aggressive,26.3041,Drizzle,Drizzle,79.2,6.4044,81.5046,1011.8,4.0,58.5,Urban,68632,11,5.6889,4.1944,0.7664,18.527866666666668,73.85021666666667,Pune,,,,0.7611,WARNING,False
2026-01-21 20:34:08,1776.0,Safari Storme EX,91.1,1327.69,17.5,45.7,65.269,39.0733,14.2551,0.7457,0,0,0.0,4.153,0.0,Smooth,26.2944,Drizzle,Drizzle,79.2,6.4042,81.4869,1011.8,4.0,58.5,Urban,68632,11,5.6889,4.1944,0.7664,18.526056,73.851608,Pune,,,,0.7611,WARNING,False
2026-01-21 20:34:10,1778.4,Safari Storme EX,90.9,1002.59,14.1,47.9,65.2232,43.0195,14.1691,0.7426,0,0,0.0,6.132,0.0,Smooth,26.2981,Drizzle,Drizzle,79.2,6.3867,81.4955,1011.8,4.0,58.5,Urban,68632,11,5.6889,4.1944,0.7664,18.522267708333334,73.84710208333333,Pune,,,,0.7611,WARNING,False
2026-01-21 20:34:12,1780.8,Safari Storme EX,90.6,1310.46,22.6,40.1,94.2152,36.0737,14.1406,0.7353,0,0,0.0,5.621,0.0,Aggressive,26.3044,Drizzle,Drizzle,79.2,6.3777,81.4821,1011.8,4.0,58.5,Urban,68632,11,5.6888,4.1944,0.7664,18.5279375,73.8522125,Pune,,,,0.7611,WARNING,False
2026-01-21 20:34:15,1783.2,Safari Storme EX,90.2,1503.7,17.4,42.7,61.919,43.9809,14.1921,0.7325,0,0,0.0,5.481,0.0,Smooth,26.2798,Drizzle,Drizzle,79.2,6.3854,81.5035,1011.8,4.0,58.5,Urban,68632,11,5.6888,4.1944,0.7664,18.52273738317757,73.84689252336449,Pune,,,,0.7611,WARNING,False
2026-01-21 20:34:17,1785.6,Safari Storme EX,90.9,1612.05,24.0,44.7,74.6651,1.3858,14.1712,0.7382,0,0,0.0,4.084,0.0,Aggressive,26.306,Drizzle,Drizzle,79.2,6.3999,81.5085,1011.8,4.0,58.5,Urban,68632,11,5.6888,4.1944,0.7664,18.518551923076924,73.8476951923077,Pune,,,,0.7611,WARNING,False
2026-01-21 20:34:20,1788.0,Safari Storme EX,90.7,1604.16,24.3,46.4,82.0013,18.308,14.1203,0.7347,0,0,0.0,4.519,0.0,Aggressive,26.2797,Drizzle,Drizzle,79.2,6.4114,81.5038,1011.8,4.0,58.5,Urban,68632,11,5.6888,4.1944,0.7664,18.52299157894737,73.85173789473684,Pune,,,,0.7611,WARNING,False
2026-01-21 20:34:22,1790.4,Safari Storme EX,91.0,1810.58,30.2,44.2,87.7655,33.0214,14.206,0.7566,0,0,0.0,4.572,0.0,Aggressive,26.2876,Drizzle,Drizzle,79.2,6.3889,81.5066,1011.8,4.0,58.5,Urban,68632,11,5.6888,4.1944,0.7664,18.52056,73.84928,Pune,,,,0.7611,WARNING,False
2026-01-21 20:34:24,1792.8,Safari Storme EX,90.6,1344.87,22.9,44.0,68.6612,6.2776,14.2453,0.7403,0,0,0.0,4.556,0.0,Smooth,26.3092,Drizzle,Drizzle,79.2,6.3969,81.5236,1011.8,4.0,58.5,Urban,68632,11,5.6888,4.1944,0.7664,18.518391489361704,73.84876808510639,Pune,,,,0.7611,WARNING,False
2026-01-21 20:34:27,1795.2,Safari Storme EX,90.7,966.84,14.7,41.3,62.8448,30.5182,14.1688,0.7434,0,0,0.0,5.55,0.0,Smooth,26.2986,Drizzle,Drizzle,79.2,6.3943,81.5081,1011.8,4.0,58.5,Urban,68632,11,5.6887,4.1944,0.7664,18.520573469387756,73.84334489795918,Pune,,,,0.7611,WARNING,False
2026-01-21 20:34:29,1797.6,Safari Storme EX,90.9,1018.96,8.9,43.0,23.5303,15.2984,10.6751,0.726,0,0,0.0,8.397,0.0,Stop-and-Go,26.3062,Drizzle,Drizzle,79.2,6.4077,81.4896,1011.8,4.0,58.5,Urban,68632,11,5.6887,4.1944,0.7664,18.52417075471698,73.84621132075472,Pune,,,,0.7611,WARNING,False
2026-01-21 20:34:32,1800.0,Safari Storme EX,90.7,1375.75,15.1,44.6,65.0418,39.2338,14.2331,0.7304,0,0,0.0,8.281,0.0,Smooth,26.3001,Drizzle,Drizzle,79.2,6.4012,81.5092,1011.8,4.0,58.5,Urban,68632,11,5.6887,4.1944,0.7664,18.522924210526316,73.84929157894737,Pune,,,,0.7611,WARNING,False
2026-01-21 20:34:34,1802.4,Safari Storme EX,90.0,1552.12,19.2,41.1,86.4398,51.9958,14.0739,0.7557,0,0,0.0,5.259,0.0,Aggressive,26.3084,Drizzle,Drizzle,79.2,6.4036,81.514,1011.8,4.0,58.5,Urban,68632,11,5.6887,4.1944,0.7664,18.521458163265304,73.84810306122449,Pune,,,,0.7611,WARNING,False
2026-01-21 20:34:36,1804.8,Safari Storme EX,90.8,1642.39,21.9,40.8,79.6933,49.8086,14.1261,0.7246,0,0,0.0,4.949,0.0,Aggressive,26.3126,Drizzle,Drizzle,79.2,6.3962,81.4858,1011.8,4.0,58.5,Urban,68632,11,5.6887,4.1943,0.7664,18.522403125,73.851496875,Pune,,,,0.7611,WARNING,False
2026-01-21 20:34:39,1807.2,Safari Storme EX,90.1,1666.67,25.1,42.7,84.394,52.5422,14.203,0.7343,0,0,0.0,6.29,0.0,Aggressive,26.2972,Drizzle,Drizzle,79.2,6.4033,81.4962,1011.8,4.0,58.5,Urban,68632,11,5.6887,4.1943,0.7664,18.518123076923075,73.85443076923077,Pune,,,,0.7611,WARNING,False
2026-01-21 20:34:41,1809.6,Safari Storme EX,90.3,1446.19,19.3,42.7,55.4506,38.6685,14.1217,0.7325,0,0,0.0,3.698,0.0,Smooth,26.2666,Drizzle,Drizzle,79.2,6.386,81.508,1011.8,4.0,58.5,Urban,68632,11,5.6887,4.1943,0.7664,18.524419626168225,73.84655607476635,Pune,,,,0.7611,WARNING,False
2026-01-21 20:34:44,1812.0,Safari Storme EX,90.5,1523.79,21.9,40.3,82.4091,49.6653,14.1632,0.7489,0,0,0.0,2.419,0.0,Aggressive,26.3056,Drizzle,Drizzle,79.2,6.4117,81.4917,1011.8,4.0,58.5,Urban,68632,11,5.6886,4.1943,0.7664,18.521439047619047,73.86073999999999,Pune,,,,0.7611,WARNING,False
2026-01-21 20:34:46,1814.4,Safari Storme EX,90.2,1529.22,24.0,46.3,68.4738,12.4734,14.0973,0.7381,0,0,0.0,2.233,0.0,Smooth,26.2908,Drizzle,Drizzle,79.2,6.3893,81.4946,1011.8,4.0,58.5,Urban,68632,11,5.6886,4.1943,0.7664,18.519060576923078,73.85224711538461,Pune,,,,0.7611,WARNING,False
2026-01-21 20:34:48,1816.8,Safari Storme EX,91.7,1712.79,27.2,47.9,80.1416,54.1091,14.124,0.7338,0,0,0.0,3.029,0.0,Aggressive,26.3069,Drizzle,Drizzle,79.2,6.4039,81.5119,1011.8,4.0,58.5,Urban,68632,11,5.6886,4.1943,0.7664,18.51555,73.85239716981133,Pune,,,,0.7611,WARNING,False
2026-01-21 20:34:51,1819.2,Safari Storme EX,90.7,1615.96,27.3,45.9,93.3361,14.3629,14.1485,0.7353,0,0,0.0,3.45,0.0,Aggressive,26.2989,Drizzle,Drizzle,79.2,6.402,81.5106,1011.8,4.0,58.5,Urban,68632,11,5.6886,4.1943,0.7664,18.52671649484536,73.85017319587628,Pune,,,,0.7611,WARNING,False
2026-01-21 20:34:53,1821.6,Safari Storme EX,91.2,1487.07,21.6,45.6,69.0604,19.4686,14.1879,0.7001,0,0,0.0,2.761,0.0,Smooth,26.3075,Drizzle,Drizzle,79.2,6.4067,81.4927,1011.8,4.0,58.5,Urban,68632,11,5.6886,4.1943,0.7664,18.52215,73.8522,Pune,,,,0.7611,WARNING,False
2026-01-21 20:34:56,1824.0,Safari Storme EX,91.2,1512.66,21.4,43.9,90.6546,21.9126,14.099,0.7376,0,0,0.0,2.881,0.0,Aggressive,26.2939,Drizzle,Drizzle,79.2,6.3958,81.4862,1011.8,4.0,58.5,Urban,68632,11,5.6886,4.1943,0.7664,18.52745102040816,73.84959591836734,Pune,,,,0.7611,WARNING,False
2026-01-21 20:34:58,1826.4,Safari Storme EX,90.4,1566.06,24.9,41.9,91.5946,57.2571,14.1255,0.726,0,0,0.0,2.886,0.0,Aggressive,26.3197,Drizzle,Drizzle,79.2,6.3883,81.5106,1011.8,4.0,58.5,Urban,68632,11,5.6885,4.1943,0.7664,18.525127368421053,73.85055789473684,Pune,,,,0.7611,WARNING,False
2026-01-21 20:35:00,1828.8,Safari Storme EX,89.6,1545.4,24.0,44.4,81.3011,53.7965,14.1744,0.7383,0,0,0.0,2.454,0.0,Aggressive,26.2825,Drizzle,Drizzle,79.2,6.4034,81.4983,1011.8,4.0,58.5,Urban,68632,11,5.6885,4.1943,0.7664,18.52154387755102,73.85220612244898,Pune,,,,0.7611,WARNING,False
2026-01-21 20:35:03,1831.2,Safari Storme EX,90.9,941.68,14.8,46.1,36.4322,0.2267,14.2185,0.7431,0,0,0.0,3.956,0.0,Smooth,26.2999,Drizzle,Drizzle,79.2,6.3978,81.4968,1011.8,4.0,58.5,Urban,68632,11,5.6885,4.1943,0.7664,18.524965625,73.84955000000001,Pune,,,,0.7611,WARNING,False
2026-01-21 20:35:05,1833.6,Safari Storme EX,90.9,1284.81,19.4,40.7,85.0851,52.9317,14.2201,0.7357,0,0,0.0,4.041,0.0,Aggressive,26.3106,Drizzle,Drizzle,79.2,6.4053,81.4753,1011.8,4.0,58.5,Urban,68632,11,5.6885,4.1943,0.7664,18.517216304347826,73.85176086956523,Pune,,,,0.7611,WARNING,False
2026-01-21 20:35:08,1836.0,Safari Storme EX,91.5,1339.34,16.2,42.7,59.998,41.748,14.1067,0.7325,0,0,0.0,4.521,0.0,Smooth,26.3085,Drizzle,Drizzle,79.2,6.3913,81.5032,1011.8,4.0,58.5,Urban,68632,11,5.6885,4.1942,0.7664,18.523298130841123,73.84678037383178,Pune,,,,0.7611,WARNING,False
2026-01-21 20:35:10,1838.4,Safari Storme EX,90.8,1555.87,27.1,42.3,91.1755,3.2151,14.2085,0.742,0,0,0.0,5.191,0.0,Aggressive,26.2967,Drizzle,Drizzle,79.2,6.3901,81.5092,1011.8,4.0,58.5,Urban,68632,11,5.6885,4.1942,0.7664,18.52761,73.848783,Pune,,,,0.7611,WARNING,False
2026-01-21 20:35:12,1840.8,Safari Storme EX,91.0,1619.85,25.6,41.1,87.9161,53.2222,14.1367,0.7557,0,0,0.0,5.516,0.0,Aggressive,26.2902,Drizzle,Drizzle,79.2,6.3922,81.4974,1011.8,4.0,58.5,Urban,68632,11,5.6885,4.1942,0.7664,18.52143367346939,73.84734387755103,Pune,,,,0.7611,WARNING,False
2026-01-21 20:35:15,1843.2,Safari Storme EX,91.3,1629.78,24.3,44.7,86.1729,51.6633,14.1184,0.7296,0,0,0.0,4.564,0.0,Aggressive,26.3051,Drizzle,Drizzle,79.2,6.3903,81.4892,1011.8,4.0,58.5,Urban,68632,11,5.6884,4.1942,0.7664,18.522506,73.84289799999999,Pune,,,,0.7611,WARNING,False
2026-01-21 20:35:17,1845.6,Safari Storme EX,91.2,865.33,13.7,43.5,19.3552,9.042,12.5865,0.7393,0,0,0.0,6.018,0.0,Stop-and-Go,26.3023,Drizzle,Drizzle,79.2,6.3916,81.4939,1011.8,4.0,58.5,Urban,68632,11,5.6884,4.1942,0.7664,18.518601,73.85910899999999,Pune,,,,0.7611,WARNING,False
2026-01-21 20:35:20,1848.0,Safari Storme EX,91.1,1391.64,17.4,41.1,86.1891,53.1107,14.087,0.7557,0,0,0.0,5.779,0.0,Aggressive,26.3061,Drizzle,Drizzle,79.2,6.393,81.5042,1011.8,4.0,58.5,Urban,68632,11,5.6884,4.1942,0.7664,18.521482653061224,73.84886224489796,Pune,,,,0.7611,WARNING,False
2026-01-21 20:35:22,1850.4,Safari Storme EX,91.4,851.22,1.1,44.2,87.7156,8.0012,14.1572,0.7566,0,0,1.0,9.867,0.0,Stop-and-Go,26.2917,Drizzle,Drizzle,79.2,6.3914,81.4984,1011.8,4.0,58.5,Urban,68632,11,5.6884,4.1942,0.7665,18.51777142857143,73.848,Pune,,,,0.7614,WARNING,False
2026-01-21 20:35:24,1852.8,Safari Storme EX,90.8,986.65,5.5,40.6,99.7567,1.9807,14.0905,0.7286,0,0,0.0,9.268,0.0,Aggressive,26.2974,Drizzle,Drizzle,79.2,6.3898,81.5136,1011.8,4.0,58.5,Urban,68632,11,5.6884,4.1942,0.7665,18.509312621359225,73.84493786407766,Pune,,,,0.7614,WARNING,False
2026-01-21 20:35:27,1855.2,Safari Storme EX,91.2,922.26,11.1,47.9,65.111,32.6643,14.1863,0.7426,0,0,0.0,6.497,0.0,Smooth,26.2995,Drizzle,Drizzle,79.2,6.3867,81.487,1011.8,4.0,58.5,Urban,68632,11,5.6884,4.1942,0.7665,18.523892708333335,73.84955208333334,Pune,,,,0.7614,WARNING,False
2026-01-21 20:35:29,1857.6,Safari Storme EX,90.9,888.08,11.7,40.1,66.8841,41.1605,14.2451,0.737,0,0,0.0,6.25,0.0,Smooth,26.2896,Drizzle,Drizzle,79.2,6.4025,81.4835,1011.8,4.0,58.5,Urban,68632,11,5.6884,4.1942,0.7665,18.52476470588235,73.8544156862745,Pune,,,,0.7614,WARNING,False
2026-01-21 20:35:32,1860.0,Safari Storme EX,90.9,1339.8,16.9,40.7,83.8519,53.1463,14.1776,0.7357,0,0,0.0,6.092,0.0,Aggressive,26.3237,Drizzle,Drizzle,79.2,6.4013,81.4949,1011.8,4.0,58.5,Urban,68633,11,5.6883,4.1942,0.7665,18.517216304347826,73.85176086956523,Pune,,,,0.7614,WARNING,False
2026-01-21 20:35:34,1862.4,Safari Storme EX,91.2,901.94,1.1,44.8,75.2578,40.313,14.1218,0.7561,0,0,1.0,6.092,0.0,Stop-and-Go,26.3029,Drizzle,Drizzle,79.2,6.4118,81.4979,1011.8,4.0,58.5,Urban,68633,11,5.6883,4.1942,0.7665,18.519929411764707,73.84778235294118,Pune,,,,0.7614,WARNING,False
2026-01-21 20:35:36,1864.8,Safari Storme EX,91.3,750.0,0.5,47.9,64.7276,21.5962,14.1724,0.7473,0,0,0.0,7.177,0.0,Stop-and-Go,26.2947,Drizzle,Drizzle,79.2,6.4008,81.4738,1011.8,4.0,58.5,Urban,68633,11,5.6883,4.1942,0.7665,18.5181306122449,73.84798775510204,Pune,,,,0.7614,WARNING,False
2026-01-21 20:35:39,1867.2,Safari Storme EX,91.0,750.0,0.2,48.0,69.0998,41.0158,14.2029,0.7359,0,0,0.0,7.733,0.0,Stop-and-Go,26.2828,Drizzle,Drizzle,79.2,6.3915,81.5052,1011.8,4.0,58.5,Urban,68633,11,5.6883,4.1941,0.7665,18.51563725490196,73.84642058823529,Pune,,,,0.7614,WARNING,False
2026-01-21 20:35:41,1869.6,Safari Storme EX,90.5,867.94,2.3,44.4,80.0393,48.8851,14.1727,0.7383,0,0,0.0,7.145,0.0,Stop-and-Go,26.2923,Drizzle,Drizzle,79.2,6.3814,81.5064,1011.8,4.0,58.5,Urban,68633,11,5.6883,4.1941,0.7665,18.516474489795918,73.85367551020408,Pune,,,,0.7614,WARNING,False
2026-01-21 20:35:44,1872.0,Safari Storme EX,91.0,823.9,0.0,44.1,78.3138,43.222,14.172,0.7481,0,0,0.0,0.926,0.1,Stop-and-Go,26.2901,Drizzle,Drizzle,79.2,6.4047,81.4979,1011.8,4.0,58.5,Urban,68633,11,5.6883,4.1941,0.7665,18.521566990291262,73.84414466019417,Pune,,,,0.7614,WARNING,False
2026-01-21 20:35:46,1874.4,Safari Storme EX,91.2,750.0,0.0,46.0,85.6296,49.7926,14.0971,0.7379,0,0,0.0,0.972,0.2,Stop-and-Go,26.3011,Drizzle,Drizzle,79.2,6.4031,81.5074,1011.8,4.0,58.5,Urban,68633,11,5.6882,4.1941,0.7665,18.519017142857145,73.85129428571429,Pune,,,,0.7614,WARNING,False
2026-01-21 20:35:48,1876.8,Safari Storme EX,91.0,750.0,0.0,47.9,61.4908,13.9363,14.207,0.7473,0,0,0.0,1.01,0.3,Stop-and-Go,26.3077,Drizzle,Drizzle,79.2,6.4137,81.4925,1011.8,4.0,58.5,Urban,68633,11,5.6882,4.1941,0.7665,18.520138775510205,73.84862448979592,Pune,,,,0.7614,WARNING,False
2026-01-21 20:35:51,1879.2,Safari Storme EX,90.9,750.0,0.0,43.9,87.0168,33.6691,14.1352,0.7376,0,0,0.0,1.029,0.4,Stop-and-Go,26.2992,Drizzle,Drizzle,79.2,6.4098,81.4912,1011.8,4.0,58.5,Urban,68633,11,5.6882,4.1941,0.7665,18.52720612244898,73.84937551020408,Pune,,,,0.7614,WARNING,False
2026-01-21 20:35:53,1881.6,Safari Storme EX,91.6,844.59,1.0,45.6,69.6755,29.9202,14.1634,0.7433,0,0,0.0,0.447,0.4,Stop-and-Go,26.3095,Drizzle,Drizzle,79.2,6.4015,81.501,1011.8,4.0,58.5,Urban,68633,11,5.6882,4.1941,0.7665,18.524188,73.846108,Pune,,,,0.7614,WARNING,False
2026-01-21 20:35:56,1884.0,Safari Storme EX,90.9,974.67,0.1,40.6,89.1468,28.0591,14.1047,0.7501,0,0,0.0,0.438,0.4,Stop-and-Go,26.299,Drizzle,Drizzle,79.2,6.4121,81.4999,1011.8,4.0,58.5,Urban,68633,11,5.6882,4.1941,0.7665,18.523320833333333,73.854,Pune,,,,0.7614,WARNING,False
2026-01-21 20:35:58,1886.4,Safari Storme EX,90.7,750.0,0.0,44.2,89.2181,33.8056,14.1619,0.7566,0,0,0.0,0.438,0.5,Stop-and-Go,26.2983,Drizzle,Drizzle,79.2,6.3881,81.4901,1011.8,4.0,58.5,Urban,68633,11,5.6882,4.1941,0.7665,18.52056,73.84928,Pune,,,,0.7614,WARNING,False
2026-01-21 20:36:00,1888.8,Safari Storme EX,90.9,750.0,0.0,43.9,83.2483,50.9411,14.1407,0.7369,0,0,0.0,0.438,0.6,Stop-and-Go,26.3024,Drizzle,Drizzle,79.2,6.3925,81.4969,1011.8,4.0,58.5,Urban,68633,11,5.6882,4.1941,0.7665,18.518812631578946,73.85006105263157,Pune,,,,0.7614,WARNING,False
2026-01-21 20:36:03,1891.2,Safari Storme EX,91.3,750.0,0.0,42.3,89.096,15.636,14.1918,0.742,0,0,0.0,0.438,0.7,Stop-and-Go,26.2926,Drizzle,Drizzle,79.2,6.3937,81.4885,1011.8,4.0,58.5,Urban,68633,11,5.6881,4.1941,0.7665,18.52353,73.850439,Pune,,,,0.7614,WARNING,False
2026-01-21 20:36:05,1893.6,Safari Storme EX,91.2,774.9,2.4,41.7,83.6817,49.9026,14.2309,0.7325,0,0,0.0,1.063,0.7,Stop-and-Go,26.2968,Drizzle,Drizzle,79.2,6.3819,81.4985,1011.8,4.0,58.5,Urban,68633,11,5.6881,4.1941,0.7665,18.513709090909092,73.85285454545455,Pune,,,,0.7614,WARNING,False
2026-01-21 20:36:08,1896.0,Safari Storme EX,90.5,860.13,0.4,44.2,91.0978,56.4482,14.2312,0.7255,0,0,0.0,1.043,0.6,Stop-and-Go,26.3061,Drizzle,Drizzle,79.2,6.406,81.4942,1011.8,4.0,58.5,Urban,68633,11,5.6881,4.1941,0.7665,18.517832692307692,73.85270576923078,Pune,,,,0.7614,WARNING,False
2026-01-21 20:36:10,1898.4,Safari Storme EX,91.5,760.88,2.3,42.2,67.1532,38.799,14.1514,0.7467,0,0,0.0,1.226,0.5,Stop-and-Go,26.2858,Drizzle,Drizzle,79.2,6.4037,81.5009,1011.8,4.0,58.5,Urban,68633,11,5.6881,4.194,0.7665,18.528283333333334,73.85467222222222,Pune,,,,0.7614,WARNING,False
2026-01-21 20:36:12,1900.8,Safari Storme EX,91.0,750.0,0.0,43.0,21.8714,11.2212,10.5478,0.726,0,0,0.0,1.226,0.5,Stop-and-Go,26.2901,Drizzle,Drizzle,79.2,6.4051,81.4852,1011.8,4.0,58.5,Urban,68633,11,5.6881,4.194,0.7665,18.52274433962264,73.84761509433962,Pune,,,,0.7614,WARNING,False
2026-01-21 20:36:15,1903.2,Safari Storme EX,91.2,856.85,0.0,42.2,67.4286,37.3759,14.1185,0.7467,0,0,0.0,1.226,0.5,Stop-and-Go,26.29,Drizzle,Drizzle,79.2,6.4235,81.4935,1011.8,4.0,58.5,Urban,68633,11,5.6881,4.194,0.7665,18.528283333333334,73.85467222222222,Pune,,,,0.7614,WARNING,False
2026-01-21 20:36:17,1905.6,Safari Storme EX,91.3,780.83,1.2,45.5,85.6916,50.2351,14.1801,0.7172,0,0,0.0,0.981,0.5,Stop-and-Go,26.2968,Drizzle,Drizzle,79.2,6.3999,81.491,1011.8,4.0,58.5,Urban,68633,11,5.6881,4.194,0.7665,18.516160396039602,73.85481485148516,Pune,,,,0.7614,WARNING,False
2026-01-21 20:36:20,1908.0,Safari Storme EX,91.6,750.0,1.4,44.6,64.281,39.2024,14.1845,0.7304,0,0,0.0,0.986,0.5,Stop-and-Go,26.2984,Drizzle,Drizzle,79.2,6.4178,81.4956,1011.8,4.0,58.5,Urban,68633,11,5.688,4.194,0.7665,18.522924210526316,73.84929157894737,Pune,,,,0.7614,WARNING,False
2026-01-21 20:36:22,1910.4,Safari Storme EX,91.4,817.72,1.0,40.9,78.1236,46.2468,14.181,0.7204,0,0,0.0,0.672,0.4,Stop-and-Go,26.2816,Drizzle,Drizzle,79.2,6.401,81.4895,1011.8,4.0,58.5,Urban,68633,11,5.688,4.194,0.7665,18.52018,73.84492,Pune,,,,0.7614,WARNING,False
2026-01-21 20:36:24,1912.8,Safari Storme EX,90.9,922.61,0.0,40.3,81.8045,47.9644,14.118,0.7489,0,0,0.0,0.672,0.4,Stop-and-Go,26.3044,Drizzle,Drizzle,79.2,6.4039,81.5069,1011.8,4.0,58.5,Urban,68633,11,5.688,4.194,0.7665,18.524250476190478,73.85642,Pune,,,,0.7614,WARNING,False
2026-01-21 20:36:27,1915.2,Safari Storme EX,90.7,750.0,0.0,41.2,97.7971,56.306,14.2221,0.7419,0,0,0.0,0.672,0.4,Stop-and-Go,26.2979,Drizzle,Drizzle,79.2,6.4057,81.4819,1011.8,4.0,58.5,Urban,68633,11,5.688,4.194,0.7665,18.51343673469388,73.85042040816326,Pune,,,,0.7614,WARNING,False
2026-01-21 20:36:29,1917.6,Safari Storme EX,90.7,963.71,2.4,46.4,85.1788,31.8235,14.1431,0.7347,0,0,0.0,1.014,0.4,Stop-and-Go,26.3034,Drizzle,Drizzle,79.2,6.3868,81.4789,1011.8,4.0,58.5,Urban,68633,11,5.688,4.194,0.7665,18.522385263157894,73.84966631578948,Pune,,,,0.7614,WARNING,False
2026-01-21 20:36:32,1920.0,Safari Storme EX,90.9,750.0,2.4,40.8,72.691,8.4149,14.1783,0.7246,0,0,0.0,1.203,0.4,Stop-and-Go,26.3004,Drizzle,Drizzle,79.2,6.4106,81.5033,1011.8,4.0,58.5,Urban,68633,11,5.688,4.194,0.7665,18.520828124999998,73.848271875,Pune,,,,0.7614,WARNING,False
2026-01-21 20:36:34,1922.4,Safari Storme EX,91.0,803.0,7.4,47.8,96.9649,54.6917,14.1909,0.7411,0,0,0.0,3.021,0.4,Aggressive,26.2995,Drizzle,Drizzle,79.2,6.4136,81.4965,1011.8,4.0,58.5,Urban,68633,11,5.6879,4.194,0.7665,18.52194128440367,73.84687064220184,Pune,,,,0.7614,WARNING,False
2026-01-21 20:36:36,1924.8,Safari Storme EX,90.9,889.9,6.6,40.6,95.7253,38.2058,14.0032,0.7286,0,0,0.0,3.129,0.3,Aggressive,26.2965,Drizzle,Drizzle,79.2,6.3908,81.5201,1011.8,4.0,58.5,Urban,68633,11,5.6879,4.194,0.7665,18.514415533980582,73.85304660194174,Pune,,,,0.7614,WARNING,False
2026-01-21 20:36:39,1927.2,Safari Storme EX,91.0,964.96,13.3,40.5,78.2254,51.4572,14.2037,0.7511,0,0,0.0,4.49,0.2,Aggressive,26.3146,Drizzle,Drizzle,79.2,6.3901,81.4911,1011.8,4.0,58.5,Urban,68633,11,5.6879,4.194,0.7665,18.5198,73.84315154639175,Pune,,,,0.7614,WARNING,False
2026-01-21 20:36:41,1929.6,Safari Storme EX,91.2,950.81,14.7,47.0,64.3107,1.1332,14.1589,0.7399,0,0,0.0,5.069,0.2,Smooth,26.2952,Drizzle,Drizzle,79.2,6.3892,81.5156,1011.8,4.0,58.5,Urban,68633,11,5.6879,4.194,0.7665,18.524745544554456,73.84637128712872,Pune,,,,0.7614,WARNING,False
2026-01-21 20:36:44,1932.0,Safari Storme EX,90.2,973.61,11.6,44.5,60.9618,-0.3382,14.2202,0.7523,0,0,0.0,3.58,0.2,Smooth,26.3031,Drizzle,Drizzle,79.2,6.3814,81.5058,1011.8,4.0,58.5,Urban,68633,11,5.6879,4.1939,0.7665,18.528570192307694,73.85671826923078,Pune,,,,0.7614,WARNING,False
2026-01-21 20:36:46,1934.4,Safari Storme EX,90.6,1409.33,16.7,44.1,79.0202,43.9108,14.1747,0.7481,0,0,0.0,3.831,0.2,Aggressive,26.3038,Drizzle,Drizzle,79.2,6.3922,81.4906,1011.8,4.0,58.5,Urban,68633,11,5.6879,4.1939,0.7665,18.521566990291262,73.84414466019417,Pune,,,,0.7614,WARNING,False
2026-01-21 20:36:48,1936.8,Safari Storme EX,91.4,1521.98,26.6,40.7,79.6398,53.4733,14.2136,0.7357,0,0,0.0,5.906,0.1,Aggressive,26.287,Drizzle,Drizzle,79.2,6.395,81.5076,1011.8,4.0,58.5,Urban,68633,11,5.6879,4.1939,0.7665,18.514659782608696,73.85405652173914,Pune,,,,0.7614,WARNING,False
2026-01-21 20:36:51,1939.2,Safari Storme EX,91.3,1657.92,26.0,45.8,91.0427,56.7194,14.1179,0.7299,0,0,0.0,6.805,0.0,Aggressive,26.296,Drizzle,Drizzle,79.2,6.3947,81.4876,1011.8,4.0,58.5,Urban,68633,11,5.6878,4.1939,0.7665,18.520333684210524,73.85316210526315,Pune,,,,0.7614,WARNING,False
2026-01-21 20:36:53,1941.6,Safari Storme EX,91.2,1580.85,26.1,43.3,97.7265,57.4737,14.1864,0.7445,0,0,0.0,6.863,0.0,Aggressive,26.2948,Drizzle,Drizzle,79.2,6.4078,81.4907,1011.8,4.0,58.5,Urban,68633,11,5.6878,4.1939,0.7665,18.52249906542056,73.85340934579439,Pune,,,,0.7614,WARNING,False
2026-01-21 20:36:56,1944.0,Safari Storme EX,91.5,1637.49,26.0,40.9,81.7936,48.2621,14.1607,0.7204,0,0,0.0,4.245,0.0,Aggressive,26.3067,Drizzle,Drizzle,79.2,6.4012,81.4829,1011.8,4.0,58.5,Urban,68633,11,5.6878,4.1939,0.7665,18.520568571428573,73.84613142857143,Pune,,,,0.7614,WARNING,False
2026-01-21 20:36:58,1946.4,Safari Storme EX,90.8,1637.81,28.5,40.9,85.0544,51.2631,14.2189,0.7204,0,0,0.0,1.069,0.0,Aggressive,26.2922,Drizzle,Drizzle,79.2,6.4092,81.4856,1011.8,4.0,58.5,Urban,68633,11,5.6878,4.1939,0.7665,18.520957142857142,73.84734285714286,Pune,,,,0.7614,WARNING,False
2026-01-21 20:37:00,1948.8,Safari Storme EX,90.8,1466.35,20.9,40.8,71.982,8.1278,14.195,0.7246,0,0,0.0,2.785,0.0,Aggressive,26.287,Drizzle,Drizzle,79.2,6.3939,81.4974,1011.8,4.0,58.5,Urban,68633,11,5.6878,4.1939,0.7665,18.520828124999998,73.848271875,Pune,,,,0.7614,WARNING,False
2026-01-21 20:37:03,1951.2,Safari Storme EX,90.8,1358.5,15.3,42.3,24.7121,4.2003,14.2408,0.7204,0,0,0.0,5.289,0.0,Stop-and-Go,26.2841,Drizzle,Drizzle,79.2,6.4142,81.4951,1011.8,4.0,58.5,Urban,68633,11,5.6878,4.1939,0.7665,18.523613,73.854066,Pune,,,,0.7614,WARNING,False
2026-01-21 20:37:05,1953.6,Safari Storme EX,90.9,983.05,14.0,46.7,81.3579,45.9054,14.1578,0.7514,0,0,0.0,6.378,0.0,Aggressive,26.3004,Drizzle,Drizzle,79.2,6.3772,81.5111,1011.8,4.0,58.5,Urban,68633,11,5.6878,4.1939,0.7665,18.51887623762376,73.84488316831683,Pune,,,,0.7614,WARNING,False
2026-01-21 20:37:08,1956.0,Safari Storme EX,91.4,950.94,8.7,42.3,19.3805,13.4498,14.0915,0.7204,0,0,0.0,7.535,0.0,Stop-and-Go,26.2989,Drizzle,Drizzle,79.2,6.4121,81.5056,1011.8,4.0,58.5,Urban,68633,11,5.6877,4.1939,0.7665,18.518645,73.86429,Pune,,,,0.7614,WARNING,False
2026-01-21 20:37:10,1958.4,Safari Storme EX,91.5,1476.45,15.0,40.9,76.1375,46.0821,14.2235,0.7204,0,0,0.0,4.34,0.0,Aggressive,26.3051,Drizzle,Drizzle,79.2,6.3943,81.4861,1011.8,4.0,58.5,Urban,68633,11,5.6877,4.1939,0.7665,18.52018,73.84492,Pune,,,,0.7614,WARNING,False
2026-01-21 20:37:12,1960.8,Safari Storme EX,91.4,1389.53,20.9,46.0,87.495,51.5593,14.1097,0.7379,0,0,0.0,4.34,0.0,Aggressive,26.3137,Drizzle,Drizzle,79.2,6.3753,81.5081,1011.8,4.0,58.5,Urban,68633,11,5.6877,4.1939,0.7665,18.523268571428574,73.85067714285714,Pune,,,,0.7614,WARNING,False
2026-01-21 20:37:15,1963.2,Safari Storme EX,91.1,1416.92,24.5,40.6,96.7199,26.3682,14.1076,0.7286,0,0,0.0,6.177,0.0,Aggressive,26.2952,Drizzle,Drizzle,79.2,6.4072,81.5038,1011.8,4.0,58.5,Urban,68633,11,5.6877,4.1938,0.7665,18.512714563106798,73.85034368932038,Pune,,,,0.7614,WARNING,False
2026-01-21 20:37:17,1965.6,Safari Storme EX,91.2,1530.81,30.7,47.6,90.0727,33.426,14.1522,0.7499,0,0,0.0,8.489,0.0,Aggressive,26.3161,Drizzle,Drizzle,79.2,6.413,81.4823,1011.8,4.0,58.5,Urban,68633,11,5.6877,4.1938,0.7665,18.519808163265306,73.84981020408163,Pune,,,,0.7614,WARNING,False
2026-01-21 20:37:20,1968.0,Safari Storme EX,90.7,1444.75,20.4,45.6,69.0974,30.2406,14.1526,0.7433,0,0,0.0,5.794,0.0,Smooth,26.311,Drizzle,Drizzle,79.2,6.4042,81.5095,1011.8,4.0,58.5,Urban,68633,11,5.6877,4.1938,0.7665,18.524188,73.846108,Pune,,,,0.7614,WARNING,False
2026-01-21 20:37:22,1970.4,Safari Storme EX,91.0,1590.87,18.0,44.0,67.0233,34.547,14.2054,0.7403,0,0,0.0,4.941,0.0,Smooth,26.2998,Drizzle,Drizzle,79.2,6.3859,81.4898,1011.8,4.0,58.5,Urban,68633,11,5.6876,4.1938,0.7665,18.52735319148936,73.84547446808511,Pune,,,,0.7614,WARNING,False
2026-01-21 20:37:24,1972.8,Safari Storme EX,90.5,1534.5,22.4,41.7,86.3599,51.341,14.1897,0.7325,0,0,0.0,4.834,0.0,Aggressive,26.3023,Drizzle,Drizzle,79.2,6.4006,81.5093,1011.8,4.0,58.5,Urban,68633,11,5.6876,4.1938,0.7665,18.51540606060606,73.85076969696969,Pune,,,,0.7614,WARNING,False
2026-01-21 20:37:27,1975.2,Safari Storme EX,91.7,1381.86,17.1,42.5,56.0282,36.4108,14.0998,0.7323,0,0,0.0,5.432,0.0,Smooth,26.2855,Drizzle,Drizzle,79.2,6.3992,81.5173,1011.8,4.0,58.5,Urban,68633,11,5.6876,4.1938,0.7665,18.523574999999997,73.845,Pune,,,,0.7614,WARNING,False
2026-01-21 20:37:29,1977.6,Safari Storme EX,91.0,1311.14,17.7,40.1,73.2436,40.8648,14.2064,0.737,0,0,0.0,2.222,0.0,Aggressive,26.2937,Drizzle,Drizzle,79.2,6.3927,81.5224,1011.8,4.0,58.5,Urban,68633,11,5.6876,4.1938,0.7665,18.521376470588237,73.85352156862744,Pune,,,,0.7614,WARNING,False
2026-01-21 20:37:32,1980.0,Safari Storme EX,91.3,918.17,13.5,44.2,54.9137,32.5604,14.222,0.7216,0,0,0.0,3.169,0.0,Smooth,26.3028,Drizzle,Drizzle,79.2,6.3886,81.4933,1011.8,4.0,58.5,Urban,68633,11,5.6876,4.1938,0.7666,18.52343076923077,73.84788269230769,Pune,,,,0.7617,WARNING,False
2026-01-21 20:37:34,1982.4,Safari Storme EX,91.7,1333.82,21.9,41.2,97.2126,56.1034,14.2018,0.7419,0,0,0.0,3.687,0.0,Aggressive,26.292,Drizzle,Drizzle,79.2,6.4061,81.5025,1011.8,4.0,58.5,Urban,68633,11,5.6876,4.1938,0.7666,18.51343673469388,73.85042040816326,Pune,,,,0.7617,WARNING,False
2026-01-21 20:37:36,1984.8,Safari Storme EX,91.8,1599.01,21.5,43.9,88.5961,51.6633,14.2611,0.7369,0,0,0.0,3.465,0.0,Aggressive,26.2846,Drizzle,Drizzle,79.2,6.3848,81.512,1011.8,4.0,58.5,Urban,68633,11,5.6876,4.1938,0.7666,18.520934736842104,73.84831789473684,Pune,,,,0.7617,WARNING,False
2026-01-21 20:37:39,1987.2,Safari Storme EX,91.2,1483.83,26.1,45.8,87.5359,44.6365,14.1771,0.7356,0,0,0.0,4.757,0.0,Aggressive,26.2962,Drizzle,Drizzle,79.2,6.4108,81.5071,1011.8,4.0,58.5,Urban,68633,11,5.6875,4.1938,0.7666,18.516862886597938,73.84610206185567,Pune,,,,0.7617,WARNING,False
2026-01-21 20:37:41,1989.6,Safari Storme EX,91.3,1656.39,20.2,48.0,73.674,44.8383,14.2215,0.7359,0,0,0.0,4.564,0.0,Aggressive,26.286,Drizzle,Drizzle,79.2,6.4006,81.4989,1011.8,4.0,58.5,Urban,68633,11,5.6875,4.1938,0.7666,18.518696078431372,73.8450794117647,Pune,,,,0.7617,WARNING,False
2026-01-21 20:37:44,1992.0,Safari Storme EX,90.6,1622.76,24.7,40.3,92.5944,11.8889,14.1136,0.7581,0,0,0.0,2.436,0.0,Aggressive,26.3026,Drizzle,Drizzle,79.2,6.3993,81.5008,1011.8,4.0,58.5,Urban,68633,11,5.6875,4.1938,0.7666,18.528082178217822,73.85183366336634,Pune,,,,0.7617,WARNING,False
2026-01-21 20:37:46,1994.4,Safari Storme EX,91.2,1538.29,23.9,44.7,71.9479,0.0439,14.1755,0.7382,0,0,0.0,2.398,0.0,Aggressive,26.2951,Drizzle,Drizzle,79.2,6.3923,81.5208,1011.8,4.0,58.5,Urban,68633,11,5.6875,4.1937,0.7666,18.51721346153846,73.84564134615385,Pune,,,,0.7617,WARNING,False
2026-01-21 20:37:48,1996.8,Safari Storme EX,92.1,930.43,13.9,43.5,19.7799,10.9707,13.4234,0.7393,0,0,0.0,4.906,0.0,Stop-and-Go,26.2937,Drizzle,Drizzle,79.2,6.4135,81.5058,1011.8,4.0,58.5,Urban,68633,11,5.6875,4.1937,0.7666,18.518432999999998,73.862397,Pune,,,,0.7617,WARNING,False
2026-01-21 20:37:51,1999.2,Safari Storme EX,90.9,1466.38,21.3,43.9,85.1748,45.9472,14.101,0.7376,0,0,0.0,4.273,0.0,Aggressive,26.2904,Drizzle,Drizzle,79.2,6.3994,81.509,1011.8,4.0,58.5,Urban,68633,11,5.6875,4.1937,0.7666,18.526961224489796,73.84915510204083,Pune,,,,0.7617,WARNING,False
2026-01-21 20:37:53,2001.6,Safari Storme EX,91.7,1408.36,16.6,42.7,62.0034,44.1466,14.1783,0.7325,0,0,0.0,4.683,0.0,Smooth,26.3085,Drizzle,Drizzle,79.2,6.3968,81.492,1011.8,4.0,58.5,Urban,68633,11,5.6875,4.1937,0.7666,18.52273738317757,73.84689252336449,Pune,,,,0.7617,WARNING,False
2026-01-21 20:37:56,2004.0,Safari Storme EX,91.3,855.98,12.8,44.2,32.5676,17.3713,14.1387,0.7216,0,0,0.0,4.771,0.0,Smooth,26.2821,Drizzle,Drizzle,79.2,6.3889,81.509,1011.8,4.0,58.5,Urban,68633,11,5.6874,4.1937,0.7666,18.526753846153845,73.85501346153846,Pune,,,,0.7617,WARNING,False
2026-01-21 20:37:58,2006.4,Safari Storme EX,91.3,1424.84,19.1,46.0,82.1758,51.0483,14.0988,0.7379,0,0,0.0,3.535,0.0,Aggressive,26.3064,Drizzle,Drizzle,79.2,6.4074,81.5124,1011.8,4.0,58.5,Urban,68633,11,5.6874,4.1937,0.7666,18.514765714285716,73.85191142857143,Pune,,,,0.7617,WARNING,False
2026-01-21 20:38:00,2008.8,Safari Storme EX,92.0,1403.31,24.2,46.7,81.9517,46.3337,14.1731,0.7514,0,0,0.0,4.369,0.0,Aggressive,26.2914,Drizzle,Drizzle,79.2,6.4076,81.5104,1011.8,4.0,58.5,Urban,68633,11,5.6874,4.1937,0.7666,18.51887623762376,73.84488316831683,Pune,,,,0.7617,WARNING,False
2026-01-21 20:38:03,2011.2,Safari Storme EX,90.3,1496.41,20.2,44.4,82.4381,54.153,14.1542,0.7383,0,0,0.0,4.237,0.0,Aggressive,26.3061,Drizzle,Drizzle,79.2,6.4022,81.483,1011.8,4.0,58.5,Urban,68633,11,5.6874,4.1937,0.7666,18.52154387755102,73.85220612244898,Pune,,,,0.7617,WARNING,False
2026-01-21 20:38:05,2013.6,Safari Storme EX,91.5,1288.1,17.4,45.6,74.856,29.2155,14.1483,0.7119,0,0,0.0,4.158,0.0,Aggressive,26.3069,Drizzle,Drizzle,79.2,6.4084,81.4973,1011.8,4.0,58.5,Urban,68633,11,5.6874,4.1937,0.7666,18.522706796116506,73.8448786407767,Pune,,,,0.7617,WARNING,False
2026-01-21 20:38:08,2016.0,Safari Storme EX,91.5,1473.69,23.1,45.8,89.5144,55.9685,14.0741,0.7299,0,0,0.0,2.813,0.0,Aggressive,26.2916,Drizzle,Drizzle,79.2,6.4093,81.4981,1011.8,4.0,58.5,Urban,68633,11,5.6874,4.1937,0.7666,18.51912105263158,73.85452631578947,Pune,,,,0.7617,WARNING,False
2026-01-21 20:38:10,2018.4,Safari Storme EX,91.3,1674.12,28.3,45.5,82.5982,51.4074,14.0995,0.7172,0,0,0.0,4.126,0.0,Aggressive,26.2975,Drizzle,Drizzle,79.2,6.3992,81.4955,1011.8,4.0,58.5,Urban,68633,11,5.6873,4.1937,0.7666,18.513237623762375,73.85441089108912,Pune,,,,0.7617,WARNING,False
2026-01-21 20:38:12,2020.8,Safari Storme EX,91.2,1357.62,15.0,42.3,23.367,4.0845,14.1623,0.7204,0,0,1.0,5.174,0.0,Stop-and-Go,26.281,Drizzle,Drizzle,79.2,6.4077,81.4914,1011.8,4.0,58.5,Urban,68633,11,5.6873,4.1937,0.7666,18.523613,73.854066,Pune,,,,0.7617,WARNING,False
2026-01-21 20:38:15,2023.2,Safari Storme EX,91.3,1566.89,25.6,41.2,88.9713,50.2364,14.1174,0.7245,0,0,0.0,5.567,0.0,Aggressive,26.3257,Drizzle,Drizzle,79.2,6.3713,81.4885,1011.8,4.0,58.5,Urban,68633,11,5.6873,4.1937,0.7666,18.52510824742268,73.85428041237114,Pune,,,,0.7617,WARNING,False
2026-01-21 20:38:17,2025.6,Safari Storme EX,92.1,1325.7,18.5,44.9,63.9768,11.0891,14.2628,0.7459,0,0,0.0,5.363,0.0,Smooth,26.2998,Drizzle,Drizzle,79.2,6.4027,81.503,1011.8,4.0,58.5,Urban,68633,11,5.6873,4.1937,0.7666,18.524359999999998,73.84286,Pune,,,,0.7617,WARNING,False
2026-01-21 20:38:20,2028.0,Safari Storme EX,90.7,1352.44,21.4,40.6,92.2345,42.0864,14.0187,0.7501,0,0,0.0,5.338,0.0,Aggressive,26.3158,Drizzle,Drizzle,79.2,6.4065,81.4955,1011.8,4.0,58.5,Urban,68633,11,5.6873,4.1936,0.7666,18.519545833333336,73.8552,Pune,,,,0.7617,WARNING,False
2026-01-21 20:38:22,2030.4,Safari Storme EX,91.1,1539.56,24.1,43.9,87.749,49.9056,14.2338,0.7369,0,0,0.0,4.276,0.0,Aggressive,26.2972,Drizzle,Drizzle,79.2,6.4006,81.4848,1011.8,4.0,58.5,Urban,68633,11,5.6873,4.1936,0.7666,18.520934736842104,73.84831789473684,Pune,,,,0.7617,WARNING,False
2026-01-21 20:38:24,2032.8,Safari Storme EX,91.8,1605.91,26.7,44.6,95.5705,-1.0098,14.1914,0.7338,0,0,0.0,3.322,0.0,Aggressive,26.3055,Drizzle,Drizzle,79.2,6.4117,81.5177,1011.8,4.0,58.5,Urban,68633,11,5.6873,4.1936,0.7666,18.52962115384615,73.84936153846154,Pune,,,,0.7617,WARNING,False
2026-01-21 20:38:27,2035.2,Safari Storme EX,91.3,1379.08,19.1,41.3,62.5271,31.3003,14.1313,0.7434,0,0,0.0,3.446,0.0,Smooth,26.3221,Drizzle,Drizzle,79.2,6.3996,81.5091,1011.8,4.0,58.5,Urban,68633,11,5.6872,4.1936,0.7666,18.520573469387756,73.84334489795918,Pune,,,,0.7617,WARNING,False
2026-01-21 20:38:29,2037.6,Safari Storme EX,91.8,1485.38,21.7,42.7,86.8518,54.7934,14.1817,0.7343,0,0,0.0,2.897,0.0,Aggressive,26.3097,Drizzle,Drizzle,79.2,6.3912,81.4955,1011.8,4.0,58.5,Urban,68633,11,5.6872,4.1936,0.7666,18.517684615384614,73.85544615384616,Pune,,,,0.7617,WARNING,False
2026-01-21 20:38:32,2040.0,Safari Storme EX,91.6,859.75,13.3,43.0,18.4291,2.2487,10.4635,0.726,0,0,0.0,5.135,0.0,Stop-and-Go,26.2931,Drizzle,Drizzle,79.2,6.4017,81.481,1011.8,4.0,58.5,Urban,68633,11,5.6872,4.1936,0.7666,18.51989150943396,73.85042264150943,Pune,,,,0.7617,WARNING,False
2026-01-21 20:38:34,2042.4,Safari Storme EX,90.6,1347.1,17.9,41.2,88.6326,51.4384,14.1887,0.7245,0,0,0.0,4.938,0.0,Aggressive,26.2953,Drizzle,Drizzle,79.2,6.4128,81.5032,1011.8,4.0,58.5,Urban,68633,11,5.6872,4.1936,0.7666,18.52510824742268,73.85428041237114,Pune,,,,0.7617,WARNING,False
2026-01-21 20:38:36,2044.8,Safari Storme EX,91.6,1446.45,21.9,44.9,92.3152,54.5799,14.1399,0.7295,0,0,0.0,3.506,0.0,Aggressive,26.3068,Drizzle,Drizzle,79.2,6.3936,81.5126,1011.8,4.0,58.5,Urban,68633,11,5.6872,4.1936,0.7666,18.51955,73.85082,Pune,,,,0.7617,WARNING,False
2026-01-21 20:38:39,2047.2,Safari Storme EX,91.4,1537.08,21.3,40.1,67.8021,41.8491,14.215,0.737,0,0,0.0,3.689,0.0,Smooth,26.2841,Drizzle,Drizzle,79.2,6.413,81.4968,1011.8,4.0,58.5,Urban,68633,11,5.6872,4.1936,0.7666,18.52476470588235,73.8544156862745,Pune,,,,0.7617,WARNING,False
2026-01-21 20:38:41,2049.6,Safari Storme EX,91.5,1426.71,25.3,41.2,87.7621,51.8332,14.1523,0.7245,0,0,0.0,4.546,0.0,Aggressive,26.3065,Drizzle,Drizzle,79.2,6.3959,81.5165,1011.8,4.0,58.5,Urban,68633,11,5.6872,4.1936,0.7666,18.525182474226803,73.85200412371134,Pune,,,,0.7617,WARNING,False
2026-01-21 20:38:44,2052.0,Safari Storme EX,91.1,1533.63,27.4,41.1,87.6708,53.6525,14.153,0.7557,0,0,0.0,3.69,0.0,Aggressive,26.3009,Drizzle,Drizzle,79.2,6.3994,81.4856,1011.8,4.0,58.5,Urban,68633,11,5.6871,4.1936,0.7666,18.52140918367347,73.84658469387755,Pune,,,,0.7617,WARNING,False
2026-01-21 20:38:46,2054.4,Safari Storme EX,91.2,1481.43,22.9,41.1,85.196,51.2623,14.0547,0.7557,0,0,0.0,2.543,0.0,Aggressive,26.2929,Drizzle,Drizzle,79.2,6.4075,81.5181,1011.8,4.0,58.5,Urban,68633,11,5.6871,4.1936,0.7666,18.521458163265304,73.84810306122449,Pune,,,,0.7617,WARNING,False
2026-01-21 20:38:48,2056.8,Safari Storme EX,91.2,1514.23,18.3,47.0,57.5835,-0.0753,14.1625,0.7399,0,0,0.0,3.522,0.0,Smooth,26.2978,Drizzle,Drizzle,79.2,6.4045,81.4969,1011.8,4.0,58.5,Urban,68633,11,5.6871,4.1936,0.7666,18.525600990099008,73.84708415841584,Pune,,,,0.7617,WARNING,False
2026-01-21 20:38:51,2059.2,Safari Storme EX,91.2,1434.82,20.2,41.2,87.8076,51.1176,14.1506,0.7245,0,0,0.0,3.689,0.0,Aggressive,26.3037,Drizzle,Drizzle,79.2,6.403,81.4993,1011.8,4.0,58.5,Urban,68633,11,5.6871,4.1935,0.7666,18.525182474226803,73.85200412371134,Pune,,,,0.7617,WARNING,False
2026-01-21 20:38:53,2061.6,Safari Storme EX,91.4,1371.26,24.6,45.6,90.7603,53.1185,14.0953,0.7285,0,0,0.0,3.583,0.0,Aggressive,26.3052,Drizzle,Drizzle,79.2,6.396,81.508,1011.8,4.0,58.5,Urban,68633,11,5.6871,4.1935,0.7666,18.528300970873786,73.85495922330097,Pune,,,,0.7617,WARNING,False
2026-01-21 20:38:56,2064.0,Safari Storme EX,91.6,1409.87,24.7,40.7,87.0307,52.5929,14.1513,0.7357,0,0,0.0,2.815,0.0,Aggressive,26.2899,Drizzle,Drizzle,79.2,6.4103,81.4975,1011.8,4.0,58.5,Urban,68633,11,5.6871,4.1935,0.7666,18.51849456521739,73.85061304347826,Pune,,,,0.7617,WARNING,False
2026-01-21 20:38:58,2066.4,Safari Storme EX,91.1,1600.73,29.2,43.9,92.5374,9.2682,14.0711,0.7376,0,0,0.0,4.273,0.0,Aggressive,26.2912,Drizzle,Drizzle,79.2,6.4133,81.5024,1011.8,4.0,58.5,Urban,68633,11,5.687,4.1935,0.7666,18.527695918367346,73.84981632653061,Pune,,,,0.7617,WARNING,False
2026-01-21 20:39:00,2068.8,Safari Storme EX,91.4,1648.39,27.4,44.6,97.8762,-0.4526,14.2844,0.7338,0,0,0.0,3.408,0.0,Aggressive,26.2877,Drizzle,Drizzle,79.2,6.4082,81.5113,1011.8,4.0,58.5,Urban,68633,11,5.687,4.1935,0.7666,18.528675,73.8489,Pune,,,,0.7617,WARNING,False
2026-01-21 20:39:03,2071.2,Safari Storme EX,91.6,1633.37,35.0,42.3,92.7988,3.1561,14.173,0.742,0,0,0.0,4.275,0.0,Aggressive,26.3069,Drizzle,Drizzle,79.2,6.4002,81.4892,1011.8,4.0,58.5,Urban,68633,11,5.687,4.1935,0.7666,18.52761,73.848783,Pune,,,,0.7617,WARNING,False
2026-01-21 20:39:05,2073.6,Safari Storme EX,91.3,1694.17,30.2,40.6,96.4774,49.6904,14.1101,0.7286,0,0,0.0,3.811,0.0,Aggressive,26.2802,Drizzle,Drizzle,79.2,6.4056,81.5041,1011.8,4.0,58.5,Urban,68633,11,5.687,4.1935,0.7666,18.51611650485437,73.8557495145631,Pune,,,,0.7617,WARNING,False
2026-01-21 20:39:08,2076.0,Safari Storme EX,91.5,1554.81,32.8,40.0,97.6465,23.0766,14.1629,0.7473,0,0,0.0,3.002,0.0,Aggressive,26.3027,Drizzle,Drizzle,79.2,6.4016,81.5037,1011.8,4.0,58.5,Urban,68633,11,5.687,4.1935,0.7666,18.516023076923076,73.84732596153846,Pune,,,,0.7617,WARNING,False
2026-01-21 20:39:10,2078.4,Safari Storme EX,91.4,1520.61,26.5,43.9,67.2556,40.2384,14.2199,0.7339,0,0,0.0,3.577,0.0,Smooth,26.2804,Drizzle,Drizzle,79.2,6.3916,81.53,1011.8,4.0,58.5,Urban,68633,11,5.687,4.1935,0.7666,18.518705263157894,73.8475347368421,Pune,,,,0.7617,WARNING,False
2026-01-21 20:39:12,2080.8,Safari Storme EX,91.0,1368.01,19.0,43.1,59.7863,20.155,14.2083,0.7346,0,0,0.0,6.279,0.0,Smooth,26.2845,Drizzle,Drizzle,79.2,6.4043,81.5185,1011.8,4.0,58.5,Urban,68633,11,5.687,4.1935,0.7666,18.51651030927835,73.85015979381443,Pune,,,,0.7617,WARNING,False
2026-01-21 20:39:15,2083.2,Safari Storme EX,91.3,1402.96,20.3,43.1,60.8458,21.4251,14.19,0.7346,0,0,0.0,6.028,0.0,Smooth,26.2844,Drizzle,Drizzle,79.2,6.4088,81.5013,1011.8,4.0,58.5,Urban,68633,11,5.6869,4.1935,0.7666,18.51651030927835,73.85015979381443,Pune,,,,0.7617,WARNING,False
2026-01-21 20:39:17,2085.6,Safari Storme EX,91.4,1544.68,16.3,44.5,60.6904,26.0595,14.1939,0.7523,0,0,0.0,6.642,0.0,Smooth,26.3093,Drizzle,Drizzle,79.2,6.4123,81.4911,1011.8,4.0,58.5,Urban,68633,11,5.6869,4.1935,0.7666,18.519224038461537,73.85083365384615,Pune,,,,0.7617,WARNING,False
2026-01-21 20:39:20,2088.0,Safari Storme EX,90.4,1494.63,16.1,47.9,61.4197,10.3036,14.2568,0.7426,0,0,0.0,4.231,0.0,Smooth,26.3082,Drizzle,Drizzle,79.2,6.3868,81.5073,1011.8,4.0,58.5,Urban,68633,11,5.6869,4.1935,0.7666,18.527142708333333,73.85445208333334,Pune,,,,0.7617,WARNING,False
2026-01-21 20:39:22,2090.4,Safari Storme EX,90.5,1451.19,18.2,43.4,91.3992,54.215,14.1829,0.7359,0,0,0.0,1.791,0.0,Aggressive,26.312,Drizzle,Drizzle,79.2,6.4095,81.5081,1011.8,4.0,58.5,Urban,68633,11,5.6869,4.1934,0.7666,18.525330303030305,73.85050000000001,Pune,,,,0.7617,WARNING,False
2026-01-21 20:39:24,2092.8,Safari Storme EX,91.2,1632.39,26.8,42.3,91.0546,2.9898,14.2368,0.742,0,0,0.0,4.399,0.0,Aggressive,26.2916,Drizzle,Drizzle,79.2,6.3826,81.522,1011.8,4.0,58.5,Urban,68633,11,5.6869,4.1934,0.7666,18.52761,73.848783,Pune,,,,0.7617,WARNING,False
2026-01-21 20:39:27,2095.2,Safari Storme EX,90.9,1654.93,27.8,47.7,87.7552,52.3669,14.1579,0.7536,0,0,0.0,5.784,0.0,Aggressive,26.3102,Drizzle,Drizzle,79.2,6.3823,81.4993,1011.8,4.0,58.5,Urban,68633,11,5.6869,4.1934,0.7666,18.519378494623655,73.85640322580645,Pune,,,,0.7617,WARNING,False
2026-01-21 20:39:29,2097.6,Safari Storme EX,91.1,1610.4,29.5,47.1,83.8596,0.5167,14.1828,0.7623,0,0,0.0,6.084,0.0,Aggressive,26.2981,Drizzle,Drizzle,79.2,6.3823,81.4961,1011.8,4.0,58.5,Urban,68633,11,5.6868,4.1934,0.7666,18.52807307692308,73.85343076923077,Pune,,,,0.7617,WARNING,False
2026-01-21 20:39:32,2100.0,Safari Storme EX,90.9,1649.21,20.7,41.1,23.1451,15.8117,14.1699,0.7301,0,0,0.0,4.88,0.0,Smooth,26.3147,Drizzle,Drizzle,79.2,6.4117,81.4989,1011.8,4.0,58.5,Urban,68633,11,5.6868,4.1934,0.7666,18.51797,73.850168,Pune,,,,0.7617,WARNING,False
2026-01-21 20:39:34,2102.4,Safari Storme EX,91.5,1589.28,25.8,45.5,84.4536,52.5056,14.1178,0.7172,0,0,0.0,3.324,0.0,Aggressive,26.2981,Drizzle,Drizzle,79.2,6.4084,81.5024,1011.8,4.0,58.5,Urban,68633,11,5.6868,4.1934,0.7666,18.516160396039602,73.85481485148516,Pune,,,,0.7617,WARNING,False
2026-01-21 20:39:36,2104.8,Safari Storme EX,91.9,1396.4,19.4,45.6,79.0871,42.074,14.1235,0.7119,0,0,0.0,4.414,0.0,Aggressive,26.3076,Drizzle,Drizzle,79.2,6.4166,81.5033,1011.8,4.0,58.5,Urban,68633,11,5.6868,4.1934,0.7666,18.525409708737865,73.84289805825243,Pune,,,,0.7617,WARNING,False
2026-01-21 20:39:39,2107.2,Safari Storme EX,91.9,1603.28,26.5,43.7,92.1837,21.0237,14.1394,0.7391,0,0,0.0,4.215,0.0,Aggressive,26.3177,Drizzle,Drizzle,79.2,6.4091,81.5114,1011.8,4.0,58.5,Urban,68633,11,5.6868,4.1934,0.7667,18.52654901960784,73.85292254901961,Pune,,,,0.762,WARNING,False
2026-01-21 20:39:41,2109.6,Safari Storme EX,90.6,1538.83,29.3,40.5,78.0768,46.4918,14.151,0.7511,0,0,0.0,4.155,0.0,Aggressive,26.2944,Drizzle,Drizzle,79.2,6.3957,81.4947,1011.8,4.0,58.5,Urban,68633,11,5.6868,4.1934,0.7667,18.5198,73.84181546391753,Pune,,,,0.762,WARNING,False
2026-01-21 20:39:44,2112.0,Safari Storme EX,91.5,1501.76,18.0,46.1,56.7084,-2.0471,14.1608,0.7431,0,0,0.0,4.862,0.0,Smooth,26.3029,Drizzle,Drizzle,79.2,6.3956,81.5037,1011.8,4.0,58.5,Urban,68633,11,5.6868,4.1934,0.7667,18.524515625,73.84715,Pune,,,,0.762,WARNING,False
2026-01-21 20:39:46,2114.4,Safari Storme EX,91.6,1356.26,18.6,41.5,59.0578,37.1949,14.221,0.7388,0,0,0.0,5.177,0.0,Smooth,26.3113,Drizzle,Drizzle,79.2,6.4007,81.4988,1011.8,4.0,58.5,Urban,68633,11,5.6867,4.1934,0.7667,18.524057142857146,73.85012857142857,Pune,,,,0.762,WARNING,False
2026-01-21 20:39:48,2116.8,Safari Storme EX,91.1,1553.32,23.7,45.5,81.1832,50.117,14.1251,0.7172,0,0,0.0,4.913,0.0,Aggressive,26.3101,Drizzle,Drizzle,79.2,6.4067,81.4975,1011.8,4.0,58.5,Urban,68633,11,5.6867,4.1934,0.7667,18.513237623762375,73.85441089108912,Pune,,,,0.762,WARNING,False
2026-01-21 20:39:51,2119.2,Safari Storme EX,91.5,1509.19,24.0,41.9,87.9683,54.194,14.2142,0.726,0,0,0.0,4.614,0.0,Aggressive,26.2943,Drizzle,Drizzle,79.2,6.3797,81.4941,1011.8,4.0,58.5,Urban,68633,11,5.6867,4.1934,0.7667,18.52522842105263,73.8492947368421,Pune,,,,0.762,WARNING,False
2026-01-21 20:39:53,2121.6,Safari Storme EX,91.3,1491.37,22.8,44.8,76.707,40.8486,14.1517,0.7561,0,0,0.0,2.89,0.0,Aggressive,26.2939,Drizzle,Drizzle,79.2,6.4084,81.5091,1011.8,4.0,58.5,Urban,68633,11,5.6867,4.1933,0.7667,18.521176470588234,73.84519411764707,Pune,,,,0.762,WARNING,False
2026-01-21 20:39:56,2124.0,Safari Storme EX,92.0,1479.95,18.6,45.6,75.2187,29.7841,14.1604,0.7119,0,0,0.0,2.72,0.0,Aggressive,26.2904,Drizzle,Drizzle,79.2,6.3886,81.5037,1011.8,4.0,58.5,Urban,68633,11,5.6867,4.1933,0.7667,18.522706796116506,73.8448786407767,Pune,,,,0.762,WARNING,False
2026-01-21 20:39:58,2126.4,Safari Storme EX,91.2,1522.91,20.5,45.8,76.3532,18.5944,14.1965,0.7356,0,0,0.0,2.308,0.0,Aggressive,26.2835,Drizzle,Drizzle,79.2,6.3799,81.5109,1011.8,4.0,58.5,Urban,68633,11,5.6867,4.1933,0.7667,18.51671443298969,73.84531030927835,Pune,,,,0.762,WARNING,False
2026-01-21 20:40:00,2128.8,Safari Storme EX,91.1,1505.86,23.5,45.9,90.689,0.1001,14.1023,0.7444,0,0,0.0,2.271,0.0,Aggressive,26.3015,Drizzle,Drizzle,79.2,6.4028,81.5216,1011.8,4.0,58.5,Urban,68633,11,5.6867,4.1933,0.7667,18.5264900990099,73.85299405940594,Pune,,,,0.762,WARNING,False
2026-01-21 20:40:03,2131.2,Safari Storme EX,92.1,1541.32,25.2,41.4,81.1789,48.2039,14.1976,0.7272,0,0,0.0,2.592,0.0,Aggressive,26.3037,Drizzle,Drizzle,79.2,6.4123,81.4927,1011.8,4.0,58.5,Urban,68633,11,5.6866,4.1933,0.7667,18.522602040816327,73.85282653061225,Pune,,,,0.762,WARNING,False
2026-01-21 20:40:05,2133.6,Safari Storme EX,91.3,1687.04,26.3,40.0,94.3371,37.9055,14.1737,0.7473,0,0,0.0,3.218,0.0,Aggressive,26.3126,Drizzle,Drizzle,79.2,6.3964,81.4981,1011.8,4.0,58.5,Urban,68633,11,5.6866,4.1933,0.7667,18.519715384615385,73.84877980769231,Pune,,,,0.762,WARNING,False
2026-01-21 20:40:08,2136.0,Safari Storme EX,91.6,1392.86,28.2,40.6,83.7694,1.1081,14.1685,0.7501,0,0,0.0,2.921,0.0,Aggressive,26.3021,Drizzle,Drizzle,79.2,6.4061,81.5073,1011.8,4.0,58.5,Urban,68634,11,5.6866,4.1933,0.7667,18.530870833333335,73.8516,Pune,,,,0.762,WARNING,False
2026-01-21 20:40:10,2138.4,Safari Storme EX,91.2,1700.96,27.7,40.5,79.9894,52.1547,14.1686,0.7511,0,0,0.0,1.907,0.0,Aggressive,26.3097,Drizzle,Drizzle,79.2,6.3992,81.5093,1011.8,4.0,58.5,Urban,68634,11,5.6866,4.1933,0.7667,18.5198,73.84448762886598,Pune,,,,0.762,WARNING,False
2026-01-21 20:40:12,2140.8,Safari Storme EX,91.3,972.59,2.4,44.3,21.609,16.3753,14.1912,0.7146,0,0,1.0,10.998,0.0,Stop-and-Go,26.3024,Drizzle,Drizzle,79.2,6.3978,81.4911,1011.8,4.0,58.5,Urban,68634,11,5.6866,4.1933,0.7667,18.515749999999997,73.84909999999999,Pune,,,,0.762,WARNING,False
2026-01-21 20:40:15,2143.2,Safari Storme EX,91.7,1065.94,3.0,45.9,89.5802,-0.3116,14.2043,0.7444,0,0,0.0,13.548,0.0,Aggressive,26.3116,Drizzle,Drizzle,79.2,6.3876,81.4973,1011.8,4.0,58.5,Urban,68634,11,5.6866,4.1933,0.7667,18.52841485148515,73.8527089108911,Pune,,,,0.762,WARNING,False
2026-01-21 20:40:17,2145.6,Safari Storme EX,91.4,892.45,7.3,44.7,79.2028,-0.2416,14.1519,0.7382,0,0,0.0,13.128,0.0,Aggressive,26.2924,Drizzle,Drizzle,79.2,6.4032,81.5237,1011.8,4.0,58.5,Urban,68634,11,5.6865,4.1933,0.7667,18.519890384615387,73.84974903846154,Pune,,,,0.762,WARNING,False
2026-01-21 20:40:20,2148.0,Safari Storme EX,92.1,899.48,11.6,43.0,23.583,15.3648,10.656,0.726,0,0,0.0,10.357,0.0,Stop-and-Go,26.2868,Drizzle,Drizzle,79.2,6.4001,81.4924,1011.8,4.0,58.5,Urban,68634,11,5.6865,4.1933,0.7667,18.52417075471698,73.84621132075472,Pune,,,,0.762,WARNING,False
2026-01-21 20:40:22,2150.4,Safari Storme EX,91.3,1329.36,20.1,47.6,87.72,4.8849,14.2025,0.7499,0,0,0.0,7.286,0.0,Aggressive,26.3074,Drizzle,Drizzle,79.2,6.3906,81.5048,1011.8,4.0,58.5,Urban,68634,11,5.6865,4.1933,0.7667,18.51735918367347,73.84794897959183,Pune,,,,0.762,WARNING,False
2026-01-21 20:40:24,2152.8,Safari Storme EX,91.5,887.93,2.7,40.3,83.7056,51.363,14.0751,0.7567,0,0,1.0,7.22,0.0,Stop-and-Go,26.2899,Drizzle,Drizzle,79.2,6.3941,81.4951,1011.8,4.0,58.5,Urban,68634,11,5.6865,4.1933,0.7667,18.52133009708738,73.84960388349515,Pune,,,,0.762,WARNING,False
2026-01-21 20:40:27,2155.2,Safari Storme EX,90.8,750.0,0.0,41.1,87.1511,55.3937,14.1809,0.7557,0,0,0.0,7.927,0.1,Stop-and-Go,26.3051,Drizzle,Drizzle,79.2,6.4026,81.5012,1011.8,4.0,58.5,Urban,68634,11,5.6865,4.1932,0.7667,18.52140918367347,73.84658469387755,Pune,,,,0.762,WARNING,False
2026-01-21 20:40:29,2157.6,Safari Storme EX,91.7,880.89,0.3,43.3,98.6526,58.3632,14.27,0.7445,0,0,0.0,8.734,0.1,Stop-and-Go,26.2793,Drizzle,Drizzle,79.2,6.3882,81.4941,1011.8,4.0,58.5,Urban,68634,11,5.6865,4.1932,0.7667,18.52249906542056,73.85340934579439,Pune,,,,0.762,WARNING,False
2026-01-21 20:40:32,2160.0,Safari Storme EX,91.4,750.0,0.0,41.2,88.9718,50.3071,14.139,0.7245,0,0,0.0,8.727,0.2,Stop-and-Go,26.3036,Drizzle,Drizzle,79.2,6.394,81.504,1011.8,4.0,58.5,Urban,68634,11,5.6865,4.1932,0.7667,18.525182474226803,73.85200412371134,Pune,,,,0.762,WARNING,False
2026-01-21 20:40:34,2162.4,Safari Storme EX,92.0,932.6,0.7,44.9,91.6979,55.6769,14.164,0.7295,0,0,0.0,1.133,0.2,Stop-and-Go,26.3107,Drizzle,Drizzle,79.2,6.425,81.5121,1011.8,4.0,58.5,Urban,68634,11,5.6864,4.1932,0.7667,18.51955,73.85082,Pune,,,,0.762,WARNING,False
2026-01-21 20:40:36,2164.8,Safari Storme EX,91.4,844.22,0.0,47.0,65.1921,-0.4486,14.1175,0.7399,0,0,0.0,0.308,0.3,Stop-and-Go,26.2881,Drizzle,Drizzle,79.2,6.3928,81.4951,1011.8,4.0,58.5,Urban,68634,11,5.6864,4.1932,0.7667,18.52431782178218,73.84601485148515,Pune,,,,0.762,WARNING,False
2026-01-21 20:40:39,2167.2,Safari Storme EX,91.1,846.53,0.0,44.2,87.0162,19.4059,14.1548,0.7566,0,0,0.0,0.308,0.4,Stop-and-Go,26.3203,Drizzle,Drizzle,79.2,6.3874,81.5015,1011.8,4.0,58.5,Urban,68634,11,5.6864,4.1932,0.7667,18.519165714285712,73.84864,Pune,,,,0.762,WARNING,False
2026-01-21 20:40:41,2169.6,Safari Storme EX,91.5,901.96,0.0,47.0,54.9077,0.6184,14.1678,0.7399,0,0,0.0,0.313,0.5,Stop-and-Go,26.328,Drizzle,Drizzle,79.2,6.4189,81.5039,1011.8,4.0,58.5,Urban,68634,11,5.6864,4.1932,0.7667,18.526028712871287,73.8474405940594,Pune,,,,0.762,WARNING,False
2026-01-21 20:40:44,2172.0,Safari Storme EX,90.7,750.0,0.0,43.0,18.6374,2.4896,10.5324,0.726,0,0,0.0,0.313,0.6,Stop-and-Go,26.298,Drizzle,Drizzle,79.2,6.3934,81.4872,1011.8,4.0,58.5,Urban,68634,11,5.6864,4.1932,0.7667,18.51989150943396,73.85042264150943,Pune,,,,0.762,WARNING,False
2026-01-21 20:40:46,2174.4,Safari Storme EX,91.1,920.74,0.2,42.9,57.9479,5.6452,14.1954,0.7344,0,0,0.0,0.089,0.6,Stop-and-Go,26.3068,Drizzle,Drizzle,79.2,6.3952,81.4876,1011.8,4.0,58.5,Urban,68634,11,5.6864,4.1932,0.7667,18.523787096774193,73.85130645161291,Pune,,,,0.762,WARNING,False
2026-01-21 20:40:48,2176.8,Safari Storme EX,91.9,826.81,0.0,40.3,82.0425,49.52,14.1926,0.7489,0,0,0.0,0.089,0.7,Stop-and-Go,26.2879,Drizzle,Drizzle,79.2,6.3895,81.4981,1011.8,4.0,58.5,Urban,68634,11,5.6864,4.1932,0.7667,18.524250476190478,73.85642,Pune,,,,0.762,WARNING,False
2026-01-21 20:40:51,2179.2,Safari Storme EX,91.8,850.8,0.4,47.2,70.6977,-0.9558,14.153,0.735,0,0,0.0,0.179,0.6,Stop-and-Go,26.2987,Drizzle,Drizzle,79.2,6.3928,81.5131,1011.8,4.0,58.5,Urban,68634,11,5.6863,4.1932,0.7667,18.520518367346938,73.84827040816326,Pune,,,,0.762,WARNING,False
2026-01-21 20:40:53,2181.6,Safari Storme EX,91.5,835.61,2.2,43.7,80.5086,50.3383,14.1893,0.7253,0,0,0.0,0.932,0.6,Stop-and-Go,26.3072,Drizzle,Drizzle,79.2,6.4051,81.518,1011.8,4.0,58.5,Urban,68634,11,5.6863,4.1932,0.7667,18.519265934065935,73.84926043956044,Pune,,,,0.762,WARNING,False
2026-01-21 20:40:56,2184.0,Safari Storme EX,91.0,750.0,1.1,45.6,69.4383,5.6789,14.2223,0.7119,0,0,0.0,0.896,0.5,Stop-and-Go,26.3122,Drizzle,Drizzle,79.2,6.4146,81.4962,1011.8,4.0,58.5,Urban,68634,11,5.6863,4.1932,0.7667,18.517300970873787,73.84883980582525,Pune,,,,0.762,WARNING,False
2026-01-21 20:40:58,2186.4,Safari Storme EX,92.0,750.0,0.0,41.9,67.4191,8.8157,14.1016,0.7372,0,0,0.0,0.932,0.6,Stop-and-Go,26.2885,Drizzle,Drizzle,79.2,6.4082,81.4972,1011.8,4.0,58.5,Urban,68634,11,5.6863,4.1931,0.7667,18.515169306930694,73.84783861386138,Pune,,,,0.762,WARNING,False
2026-01-21 20:41:00,2188.8,Safari Storme EX,90.9,812.14,0.0,44.6,97.7084,0.6333,14.2456,0.7338,0,0,0.0,0.932,0.6,Stop-and-Go,26.2888,Drizzle,Drizzle,79.2,6.409,81.5006,1011.8,4.0,58.5,Urban,68634,11,5.6863,4.1931,0.7667,18.52678269230769,73.84797692307691,Pune,,,,0.762,WARNING,False
2026-01-21 20:41:03,2191.2,Safari Storme EX,92.0,925.4,1.3,41.2,91.2019,49.9561,14.0882,0.7245,0,0,0.0,0.936,0.5,Stop-and-Go,26.296,Drizzle,Drizzle,79.2,6.4068,81.5048,1011.8,4.0,58.5,Urban,68634,11,5.6863,4.1931,0.7667,18.52510824742268,73.85428041237114,Pune,,,,0.762,WARNING,False
2026-01-21 20:41:05,2193.6,Safari Storme EX,91.0,789.7,2.5,40.6,100.0479,15.3724,14.077,0.7286,0,0,0.0,1.043,0.4,Stop-and-Go,26.303,Drizzle,Drizzle,79.2,6.4058,81.5032,1011.8,4.0,58.5,Urban,68634,11,5.6862,4.1931,0.7667,18.51101359223301,73.84764077669902,Pune,,,,0.762,WARNING,False
2026-01-21 20:41:08,2196.0,Safari Storme EX,91.5,759.25,1.6,42.2,67.324,36.7782,14.2017,0.7467,0,0,0.0,1.08,0.3,Stop-and-Go,26.3005,Drizzle,Drizzle,79.2,6.4032,81.5151,1011.8,4.0,58.5,Urban,68634,11,5.6862,4.1931,0.7667,18.52815,73.84778333333334,Pune,,,,0.762,WARNING,False
2026-01-21 20:41:10,2198.4,Safari Storme EX,90.8,829.04,2.0,44.7,77.6521,0.7197,14.1436,0.7382,0,0,0.0,0.942,0.3,Stop-and-Go,26.3042,Drizzle,Drizzle,79.2,6.4108,81.4805,1011.8,4.0,58.5,Urban,68634,11,5.6862,4.1931,0.7667,18.518551923076924,73.8476951923077,Pune,,,,0.762,WARNING,False
2026-01-21 20:41:12,2200.8,Safari Storme EX,92.2,821.38,1.0,47.6,89.2158,47.6061,14.1655,0.7499,0,0,0.0,0.589,0.2,Stop-and-Go,26.3077,Drizzle,Drizzle,79.2,6.39,81.5003,1011.8,4.0,58.5,Urban,68634,11,5.6862,4.1931,0.7667,18.521032653061223,73.85074081632654,Pune,,,,0.762,WARNING,False
2026-01-21 20:41:15,2203.2,Safari Storme EX,91.4,840.4,0.2,43.5,19.5596,5.2984,11.674,0.7393,0,0,0.0,0.893,0.2,Stop-and-Go,26.3197,Drizzle,Drizzle,79.2,6.4011,81.5017,1011.8,4.0,58.5,Urban,68634,11,5.6862,4.1931,0.7667,18.518769,73.85582099999999,Pune,,,,0.762,WARNING,False
2026-01-21 20:41:17,2205.6,Safari Storme EX,91.6,794.47,0.0,47.0,53.7158,-1.0308,14.1105,0.7399,0,0,0.0,0.865,0.3,Stop-and-Go,26.2932,Drizzle,Drizzle,79.2,6.3994,81.4852,1011.8,4.0,58.5,Urban,68634,11,5.6862,4.1931,0.7667,18.526028712871287,73.8474405940594,Pune,,,,0.762,WARNING,False
2026-01-21 20:41:20,2208.0,Safari Storme EX,91.5,823.3,2.9,47.2,69.3358,0.1374,14.1824,0.735,0,0,0.0,1.226,0.3,Stop-and-Go,26.3148,Drizzle,Drizzle,79.2,6.3895,81.5056,1011.8,4.0,58.5,Urban,68634,11,5.6862,4.1931,0.7667,18.520567346938776,73.8500581632653,Pune,,,,0.762,WARNING,False
2026-01-21 20:41:22,2210.4,Safari Storme EX,91.9,847.66,5.4,43.9,85.0066,49.2174,14.1921,0.7369,0,0,0.0,2.267,0.2,Aggressive,26.309,Drizzle,Drizzle,79.2,6.3877,81.4846,1011.8,4.0,58.5,Urban,68634,11,5.6861,4.1931,0.7667,18.51952,73.84948,Pune,,,,0.762,WARNING,False
2026-01-21 20:41:24,2212.8,Safari Storme EX,91.7,858.41,7.6,43.7,92.963,32.9947,14.117,0.7391,0,0,0.0,3.299,0.1,Aggressive,26.2958,Drizzle,Drizzle,79.2,6.4002,81.4938,1011.8,4.0,58.5,Urban,68634,11,5.6861,4.1931,0.7667,18.52523137254902,73.85562843137255,Pune,,,,0.762,WARNING,False
2026-01-21 20:41:27,2215.2,Safari Storme EX,92.5,1427.07,17.0,45.8,89.1391,55.9553,14.1571,0.7299,0,0,0.0,6.478,0.1,Aggressive,26.2983,Drizzle,Drizzle,79.2,6.3994,81.5015,1011.8,4.0,58.5,Urban,68634,11,5.6861,4.1931,0.7667,18.51790842105263,73.85589052631579,Pune,,,,0.762,WARNING,False
2026-01-21 20:41:29,2217.6,Safari Storme EX,91.9,1527.01,18.3,40.3,87.5115,48.4811,14.1579,0.7581,0,0,0.0,6.981,0.1,Aggressive,26.2984,Drizzle,Drizzle,79.2,6.3767,81.5163,1011.8,4.0,58.5,Urban,68634,11,5.6861,4.193,0.7667,18.520169306930693,73.84998019801981,Pune,,,,0.762,WARNING,False
2026-01-21 20:41:32,2220.0,Safari Storme EX,91.3,1464.82,19.3,41.0,13.6912,1.3807,14.1904,0.7337,0,0,0.0,6.507,0.1,Stop-and-Go,26.2963,Drizzle,Drizzle,79.2,6.4112,81.5082,1011.8,4.0,58.5,Urban,68634,11,5.6861,4.193,0.7667,18.517815384615385,73.84859807692308,Pune,,,,0.762,WARNING,False
2026-01-21 20:41:34,2222.4,Safari Storme EX,91.8,1654.37,24.0,44.8,69.0942,39.4338,14.1362,0.7561,0,0,0.0,6.001,0.1,Smooth,26.3033,Drizzle,Drizzle,79.2,6.3955,81.5141,1011.8,4.0,58.5,Urban,68634,11,5.6861,4.193,0.7667,18.517435294117647,73.85295882352942,Pune,,,,0.762,WARNING,False
2026-01-21 20:41:36,2224.8,Safari Storme EX,90.7,1304.34,20.4,43.1,58.7866,11.6973,14.14,0.7346,0,0,0.0,2.662,0.1,Smooth,26.2931,Drizzle,Drizzle,79.2,6.4117,81.4982,1011.8,4.0,58.5,Urban,68634,11,5.6861,4.193,0.7667,18.517277319587627,73.85124845360825,Pune,,,,0.762,WARNING,False
2026-01-21 20:41:39,2227.2,Safari Storme EX,92.6,1531.96,20.5,43.3,93.7011,55.171,14.2038,0.7445,0,0,0.0,2.153,0.1,Aggressive,26.301,Drizzle,Drizzle,79.2,6.3861,81.5041,1011.8,4.0,58.5,Urban,68634,11,5.686,4.193,0.7667,18.520256074766355,73.85663925233645,Pune,,,,0.762,WARNING,False
2026-01-21 20:41:41,2229.6,Safari Storme EX,92.1,1475.14,19.9,43.9,67.3278,40.7397,14.1888,0.7339,0,0,0.0,1.84,0.0,Smooth,26.3078,Drizzle,Drizzle,79.2,6.4138,81.4889,1011.8,4.0,58.5,Urban,68634,11,5.686,4.193,0.7667,18.518705263157894,73.8475347368421,Pune,,,,0.762,WARNING,False
2026-01-21 20:41:44,2232.0,Safari Storme EX,91.8,1431.31,21.2,44.7,86.5886,52.4833,14.1295,0.7296,0,0,0.0,1.632,0.0,Aggressive,26.3005,Drizzle,Drizzle,79.2,6.3893,81.5055,1011.8,4.0,58.5,Urban,68634,11,5.686,4.193,0.7667,18.522506,73.84289799999999,Pune,,,,0.762,WARNING,False
2026-01-21 20:41:46,2234.4,Safari Storme EX,91.4,1563.96,24.7,40.3,83.3579,49.2217,14.1605,0.7489,0,0,0.0,1.935,0.0,Aggressive,26.3005,Drizzle,Drizzle,79.2,6.4047,81.5036,1011.8,4.0,58.5,Urban,68634,11,5.686,4.193,0.7668,18.521439047619047,73.86073999999999,Pune,,,,0.7623,WARNING,False
2026-01-21 20:41:48,2236.8,Safari Storme EX,91.6,1533.91,17.4,46.8,69.8426,40.1016,14.1761,0.7426,0,0,0.0,2.637,0.0,Smooth,26.2878,Drizzle,Drizzle,79.2,6.407,81.5086,1011.8,4.0,58.5,Urban,68634,11,5.686,4.193,0.7668,18.515664948453608,73.8503350515464,Pune,,,,0.7623,WARNING,False
2026-01-21 20:41:51,2239.2,Safari Storme EX,92.2,1542.75,19.1,44.6,57.4594,33.4027,14.2366,0.7304,0,0,0.0,2.741,0.0,Smooth,26.3034,Drizzle,Drizzle,79.2,6.3895,81.5237,1011.8,4.0,58.5,Urban,68634,11,5.686,4.193,0.7668,18.52433894736842,73.85078210526316,Pune,,,,0.7623,WARNING,False
2026-01-21 20:41:53,2241.6,Safari Storme EX,91.7,1306.22,15.8,46.1,55.4469,-0.0917,14.149,0.7431,0,0,0.0,3.467,0.0,Smooth,26.2946,Drizzle,Drizzle,79.2,6.4157,81.4856,1011.8,4.0,58.5,Urban,68634,11,5.6859,4.193,0.7668,18.524515625,73.84715,Pune,,,,0.7623,WARNING,False
2026-01-21 20:41:56,2244.0,Safari Storme EX,91.7,974.75,11.6,47.9,65.9778,44.8605,14.2189,0.7426,0,0,0.0,4.792,0.0,Smooth,26.3051,Drizzle,Drizzle,79.2,6.4024,81.4962,1011.8,4.0,58.5,Urban,68634,11,5.6859,4.193,0.7668,18.522267708333334,73.84710208333333,Pune,,,,0.7623,WARNING,False
2026-01-21 20:41:58,2246.4,Safari Storme EX,91.7,1592.61,21.7,43.7,92.4754,45.7853,14.2119,0.7391,0,0,0.0,3.781,0.0,Aggressive,26.2853,Drizzle,Drizzle,79.2,6.399,81.4938,1011.8,4.0,58.5,Urban,68634,11,5.6859,4.193,0.7668,18.523913725490196,73.85833431372549,Pune,,,,0.7623,WARNING,False
2026-01-21 20:42:00,2248.8,Safari Storme EX,91.1,1551.24,22.0,41.1,85.9922,51.892,14.0997,0.7557,0,0,0.0,4.379,0.0,Aggressive,26.2957,Drizzle,Drizzle,79.2,6.4156,81.4934,1011.8,4.0,58.5,Urban,68634,11,5.6859,4.193,0.7668,18.521482653061224,73.84886224489796,Pune,,,,0.7623,WARNING,False
2026-01-21 20:42:03,2251.2,Safari Storme EX,92.4,1317.48,15.1,45.6,69.7825,41.3264,14.2062,0.7001,0,0,0.0,4.5,0.0,Smooth,26.2933,Drizzle,Drizzle,79.2,6.4072,81.5019,1011.8,4.0,58.5,Urban,68634,11,5.6859,4.1929,0.7668,18.528726,73.856136,Pune,,,,0.7623,WARNING,False
2026-01-21 20:42:05,2253.6,Safari Storme EX,92.2,1408.49,19.3,40.9,72.9765,44.2458,14.1579,0.7204,0,0,0.0,4.493,0.0,Aggressive,26.3086,Drizzle,Drizzle,79.2,6.3823,81.4889,1011.8,4.0,58.5,Urban,68634,11,5.6859,4.1929,0.7668,18.51979142857143,73.84370857142856,Pune,,,,0.7623,WARNING,False
2026-01-21 20:42:08,2256.0,Safari Storme EX,91.9,1426.12,26.5,42.3,91.1975,3.9228,14.1762,0.742,0,0,0.0,4.166,0.0,Aggressive,26.2988,Drizzle,Drizzle,79.2,6.4002,81.5166,1011.8,4.0,58.5,Urban,68634,11,5.6859,4.1929,0.7668,18.52761,73.848783,Pune,,,,0.7623,WARNING,False
2026-01-21 20:42:10,2258.4,Safari Storme EX,91.8,790.19,0.0,40.6,97.0087,39.4334,14.0895,0.7286,0,0,1.0,10.152,0.1,Stop-and-Go,26.2931,Drizzle,Drizzle,79.2,6.4043,81.5027,1011.8,4.0,58.5,Urban,68634,11,5.6858,4.1929,0.7668,18.514415533980582,73.85304660194174,Pune,,,,0.7623,WARNING,False
2026-01-21 20:42:12,2260.8,Safari Storme EX,91.0,860.82,4.9,40.6,90.1155,27.0115,14.0953,0.7501,0,0,0.0,10.733,0.1,Aggressive,26.3166,Drizzle,Drizzle,79.2,6.3911,81.5198,1011.8,4.0,58.5,Urban,68634,11,5.6858,4.1929,0.7668,18.523320833333333,73.854,Pune,,,,0.7623,WARNING,False
2026-01-21 20:42:15,2263.2,Safari Storme EX,92.5,837.91,6.3,42.5,57.3065,1.7818,14.135,0.7595,0,0,0.0,11.053,0.1,Smooth,26.3067,Drizzle,Drizzle,79.2,6.4028,81.5016,1011.8,4.0,58.5,Urban,68634,11,5.6858,4.1929,0.7668,18.517033333333334,73.84876666666666,Pune,,,,0.7623,WARNING,False
2026-01-21 20:42:17,2265.6,Safari Storme EX,91.0,980.03,13.7,40.6,84.7063,15.5918,14.0815,0.7501,0,0,0.0,10.311,0.1,Aggressive,26.2809,Drizzle,Drizzle,79.2,6.4096,81.5102,1011.8,4.0,58.5,Urban,68634,11,5.6858,4.1929,0.7668,18.527095833333334,73.8528,Pune,,,,0.7623,WARNING,False
2026-01-21 20:42:20,2268.0,Safari Storme EX,91.4,936.29,12.9,43.3,75.995,40.8519,14.1799,0.7339,0,0,0.0,5.745,0.1,Aggressive,26.3166,Drizzle,Drizzle,79.2,6.3832,81.5007,1011.8,4.0,58.5,Urban,68634,11,5.6858,4.1929,0.7668,18.527017647058823,73.84184705882353,Pune,,,,0.7623,WARNING,False
2026-01-21 20:42:22,2270.4,Safari Storme EX,91.3,803.89,2.3,41.1,25.0253,15.7231,14.1941,0.7301,0,0,0.0,5.037,0.1,Stop-and-Go,26.3091,Drizzle,Drizzle,79.2,6.4021,81.4981,1011.8,4.0,58.5,Urban,68634,11,5.6858,4.1929,0.7668,18.52349,73.853816,Pune,,,,0.7623,WARNING,False
2026-01-21 20:42:24,2272.8,Safari Storme EX,91.8,843.43,1.2,42.7,83.1988,50.9126,14.1561,0.7343,0,0,0.0,5.821,0.1,Stop-and-Go,26.2823,Drizzle,Drizzle,79.2,6.4091,81.4936,1011.8,4.0,58.5,Urban,68634,11,5.6858,4.1929,0.7668,18.518561538461537,73.85341538461539,Pune,,,,0.7623,WARNING,False
2026-01-21 20:42:27,2275.2,Safari Storme EX,91.9,976.71,0.1,42.7,88.6708,54.6596,14.1295,0.7343,0,0,0.0,6.679,0.1,Stop-and-Go,26.3129,Drizzle,Drizzle,79.2,6.414,81.5075,1011.8,4.0,58.5,Urban,68634,11,5.6857,4.1929,0.7668,18.517684615384614,73.85544615384616,Pune,,,,0.7623,WARNING,False
2026-01-21 20:42:29,2277.6,Safari Storme EX,91.5,886.39,4.7,42.5,61.2525,36.5863,14.1111,0.7323,0,0,0.0,5.132,0.1,Smooth,26.2748,Drizzle,Drizzle,79.2,6.3892,81.503,1011.8,4.0,58.5,Urban,68634,11,5.6857,4.1929,0.7668,18.522074999999997,73.843,Pune,,,,0.7623,WARNING,False
2026-01-21 20:42:32,2280.0,Safari Storme EX,91.2,851.17,7.2,45.8,90.9974,57.1362,14.1548,0.7299,0,0,0.0,2.856,0.1,Aggressive,26.286,Drizzle,Drizzle,79.2,6.4076,81.5206,1011.8,4.0,58.5,Urban,68634,11,5.6857,4.1929,0.7668,18.52154631578947,73.85179789473685,Pune,,,,0.7623,WARNING,False
2026-01-21 20:42:34,2282.4,Safari Storme EX,91.0,1004.84,12.3,44.1,77.3552,47.1737,14.2333,0.7481,0,0,0.0,4.915,0.0,Aggressive,26.2728,Drizzle,Drizzle,79.2,6.3976,81.4962,1011.8,4.0,58.5,Urban,68634,11,5.6857,4.1928,0.7668,18.520168932038835,73.84561262135922,Pune,,,,0.7623,WARNING,False
2026-01-21 20:42:36,2284.8,Safari Storme EX,92.1,948.75,14.3,44.5,61.2109,-0.4085,14.2562,0.7523,0,0,0.0,5.739,0.0,Smooth,26.3209,Drizzle,Drizzle,79.2,6.4032,81.4904,1011.8,4.0,58.5,Urban,68634,11,5.6857,4.1928,0.7668,18.528570192307694,73.85671826923078,Pune,,,,0.7623,WARNING,False
2026-01-21 20:42:39,2287.2,Safari Storme EX,91.7,1431.23,18.1,45.6,76.3185,28.8783,14.178,0.7119,0,0,0.0,5.399,0.0,Aggressive,26.3092,Drizzle,Drizzle,79.2,6.3868,81.4888,1011.8,4.0,58.5,Urban,68634,11,5.6857,4.1928,0.7668,18.522706796116506,73.8448786407767,Pune,,,,0.7623,WARNING,False
2026-01-21 20:42:41,2289.6,Safari Storme EX,91.8,1482.05,16.3,40.8,75.1553,22.446,14.1574,0.7246,0,0,0.0,4.203,0.0,Aggressive,26.3103,Drizzle,Drizzle,79.2,6.3988,81.5045,1011.8,4.0,58.5,Urban,68634,11,5.6856,4.1928,0.7668,18.521353125,73.849346875,Pune,,,,0.7623,WARNING,False
2026-01-21 20:42:44,2292.0,Safari Storme EX,91.7,1604.71,30.7,40.3,81.7021,49.6029,14.1527,0.7489,0,0,0.0,7.242,0.0,Aggressive,26.2968,Drizzle,Drizzle,79.2,6.3861,81.5069,1011.8,4.0,58.5,Urban,68634,11,5.6856,4.1928,0.7668,18.523313333333334,73.85786,Pune,,,,0.7623,WARNING,False
2026-01-21 20:42:46,2294.4,Safari Storme EX,91.9,1485.61,15.0,45.9,87.8263,-0.5931,14.2069,0.7444,0,0,1.0,6.764,0.0,Aggressive,26.318,Drizzle,Drizzle,79.2,6.4024,81.4928,1011.8,4.0,58.5,Urban,68634,11,5.6856,4.1928,0.7668,18.524565346534654,73.85327920792079,Pune,,,,0.7623,WARNING,False
2026-01-21 20:42:48,2296.8,Safari Storme EX,90.8,1593.26,27.0,45.6,89.7897,50.6502,14.1563,0.7285,0,0,0.0,6.995,0.0,Aggressive,26.2736,Drizzle,Drizzle,79.2,6.4175,81.503,1011.8,4.0,58.5,Urban,68634,11,5.6856,4.1928,0.7668,18.52550485436893,73.85719611650485,Pune,,,,0.7623,WARNING,False
2026-01-21 20:42:51,2299.2,Safari Storme EX,92.1,1535.41,23.5,44.6,71.472,43.1631,14.2725,0.7304,0,0,0.0,6.767,0.0,Aggressive,26.3008,Drizzle,Drizzle,79.2,6.4222,81.5093,1011.8,4.0,58.5,Urban,68634,11,5.6856,4.1928,0.7668,18.521509473684212,73.84780105263158,Pune,,,,0.7623,WARNING,False
2026-01-21 20:42:53,2301.6,Safari Storme EX,90.7,1735.2,30.6,45.7,90.1444,20.7756,14.2033,0.734,0,0,0.0,6.509,0.0,Aggressive,26.2934,Drizzle,Drizzle,79.2,6.3893,81.4879,1011.8,4.0,58.5,Urban,68634,11,5.6856,4.1928,0.7668,18.523324210526315,73.85756421052632,Pune,,,,0.7623,WARNING,False
2026-01-21 20:42:56,2304.0,Safari Storme EX,90.7,1655.97,29.2,40.0,98.3212,24.9484,14.1893,0.7473,0,0,0.0,6.23,0.0,Aggressive,26.2907,Drizzle,Drizzle,79.2,6.3992,81.5253,1011.8,4.0,58.5,Urban,68634,11,5.6856,4.1928,0.7668,18.516023076923076,73.84732596153846,Pune,,,,0.7623,WARNING,False
2026-01-21 20:42:58,2306.4,Safari Storme EX,91.7,1742.98,31.1,43.3,94.3556,55.5128,14.1801,0.7445,0,0,0.0,3.109,0.0,Aggressive,26.3007,Drizzle,Drizzle,79.2,6.4074,81.503,1011.8,4.0,58.5,Urban,68634,11,5.6855,4.1928,0.7668,18.519134579439253,73.85825420560748,Pune,,,,0.7623,WARNING,False
2026-01-21 20:43:00,2308.8,Safari Storme EX,92.3,1462.85,20.3,41.9,69.8356,37.7721,14.2251,0.7372,0,0,0.0,4.789,0.0,Smooth,26.3035,Drizzle,Drizzle,79.2,6.3872,81.4998,1011.8,4.0,58.5,Urban,68634,11,5.6855,4.1928,0.7668,18.51474158415842,73.84698316831684,Pune,,,,0.7623,WARNING,False
2026-01-21 20:43:03,2311.2,Safari Storme EX,91.8,1581.43,27.8,43.7,93.1781,9.7663,14.1915,0.7391,0,0,0.0,4.386,0.0,Aggressive,26.2912,Drizzle,Drizzle,79.2,6.3879,81.5121,1011.8,4.0,58.5,Urban,68634,11,5.6855,4.1928,0.7668,18.527866666666668,73.85021666666667,Pune,,,,0.7623,WARNING,False
2026-01-21 20:43:05,2313.6,Safari Storme EX,92.1,1505.78,23.2,41.5,59.84,36.1354,14.2257,0.7388,0,0,0.0,4.453,0.0,Smooth,26.292,Drizzle,Drizzle,79.2,6.3813,81.4946,1011.8,4.0,58.5,Urban,68634,11,5.6855,4.1927,0.7668,18.524057142857146,73.85012857142857,Pune,,,,0.7623,WARNING,False
2026-01-21 20:43:08,2316.0,Safari Storme EX,92.1,1689.85,25.7,41.4,83.113,48.7065,14.1424,0.7272,0,0,0.0,4.152,0.0,Aggressive,26.3131,Drizzle,Drizzle,79.2,6.4014,81.4863,1011.8,4.0,58.5,Urban,68634,11,5.6855,4.1927,0.7668,18.519124489795917,73.85081836734693,Pune,,,,0.7623,WARNING,False
2026-01-21 20:43:10,2318.4,Safari Storme EX,91.5,1550.44,26.4,40.6,97.1531,26.8466,14.1144,0.7286,0,0,0.0,2.963,0.0,Aggressive,26.2865,Drizzle,Drizzle,79.2,6.3948,81.5031,1011.8,4.0,58.5,Urban,68634,11,5.6855,4.1927,0.7668,18.512714563106798,73.85034368932038,Pune,,,,0.7623,WARNING,False
2026-01-21 20:43:12,2320.8,Safari Storme EX,91.1,1710.8,29.4,40.6,98.5052,13.9158,14.1557,0.7286,0,0,0.0,2.326,0.0,Aggressive,26.2956,Drizzle,Drizzle,79.2,6.391,81.4821,1011.8,4.0,58.5,Urban,68634,11,5.6855,4.1927,0.7668,18.51101359223301,73.84764077669902,Pune,,,,0.7623,WARNING,False
2026-01-21 20:43:15,2323.2,Safari Storme EX,91.8,1439.87,18.6,44.3,27.4527,18.7804,14.1584,0.7146,0,0,0.0,4.045,0.0,Stop-and-Go,26.3127,Drizzle,Drizzle,79.2,6.3969,81.4999,1011.8,4.0,58.5,Urban,68634,11,5.6854,4.1927,0.7668,18.51395,73.8527,Pune,,,,0.7623,WARNING,False
2026-01-21 20:43:17,2325.6,Safari Storme EX,91.8,1415.51,18.8,41.2,99.7395,58.5165,14.2403,0.7419,0,0,0.0,4.842,0.0,Aggressive,26.3244,Drizzle,Drizzle,79.2,6.3903,81.5293,1011.8,4.0,58.5,Urban,68634,11,5.6854,4.1927,0.7668,18.51164897959184,73.85169387755101,Pune,,,,0.7623,WARNING,False
2026-01-21 20:43:20,2328.0,Safari Storme EX,91.8,873.64,14.7,47.0,58.3359,-0.1612,14.1394,0.7399,0,0,0.0,6.089,0.0,Smooth,26.3145,Drizzle,Drizzle,79.2,6.4028,81.5032,1011.8,4.0,58.5,Urban,68634,11,5.6854,4.1927,0.7668,18.525600990099008,73.84708415841584,Pune,,,,0.7623,WARNING,False
2026-01-21 20:43:22,2330.4,Safari Storme EX,91.5,1450.67,20.0,40.3,82.1965,47.7665,14.146,0.7489,0,0,0.0,5.464,0.0,Aggressive,26.3133,Drizzle,Drizzle,79.2,6.3975,81.5044,1011.8,4.0,58.5,Urban,68634,11,5.6854,4.1927,0.7668,18.52237619047619,73.8593,Pune,,,,0.7623,WARNING,False
2026-01-21 20:43:24,2332.8,Safari Storme EX,91.8,1463.45,22.9,45.9,94.0304,2.8051,14.0346,0.7353,0,0,0.0,2.954,0.0,Aggressive,26.3069,Drizzle,Drizzle,79.2,6.4136,81.5078,1011.8,4.0,58.5,Urban,68634,11,5.6854,4.1927,0.7668,18.52773092783505,73.85002474226803,Pune,,,,0.7623,WARNING,False
2026-01-21 20:43:27,2335.2,Safari Storme EX,91.5,1743.72,30.5,45.7,87.3613,6.9621,14.1383,0.734,0,0,0.0,5.888,0.0,Aggressive,26.288,Drizzle,Drizzle,79.2,6.4014,81.5118,1011.8,4.0,58.5,Urban,68634,11,5.6854,4.1927,0.7668,18.523374736842104,73.8566547368421,Pune,,,,0.7623,WARNING,False
2026-01-21 20:43:29,2337.6,Safari Storme EX,91.3,1478.72,19.3,42.5,57.6637,-0.8247,14.1508,0.7595,0,0,0.0,5.837,0.0,Smooth,26.3014,Drizzle,Drizzle,79.2,6.3871,81.4987,1011.8,4.0,58.5,Urban,68634,11,5.6853,4.1927,0.7668,18.523433333333333,73.84787254901961,Pune,,,,0.7623,WARNING,False
2026-01-21 20:43:32,2340.0,Safari Storme EX,91.7,1031.52,13.7,41.0,14.6846,5.5743,14.1938,0.7337,0,0,0.0,6.137,0.0,Stop-and-Go,26.285,Drizzle,Drizzle,79.2,6.3811,81.5054,1011.8,4.0,58.5,Urban,68634,11,5.6853,4.1927,0.7668,18.5168,73.84977500000001,Pune,,,,0.7623,WARNING,False
2026-01-21 20:43:34,2342.4,Safari Storme EX,91.4,1424.04,20.5,40.7,85.3909,51.8088,14.204,0.7357,0,0,0.0,6.115,0.0,Aggressive,26.2901,Drizzle,Drizzle,79.2,6.4092,81.4974,1011.8,4.0,58.5,Urban,68634,11,5.6853,4.1927,0.7668,18.51849456521739,73.85061304347826,Pune,,,,0.7623,WARNING,False
2026-01-21 20:43:36,2344.8,Safari Storme EX,91.9,1439.97,21.4,40.3,80.4154,47.0355,14.1443,0.7489,0,0,0.0,6.058,0.0,Aggressive,26.3088,Drizzle,Drizzle,79.2,6.4171,81.4897,1011.8,4.0,58.5,Urban,68634,11,5.6853,4.1927,0.7668,18.52518761904762,73.85498,Pune,,,,0.7623,WARNING,False
2026-01-21 20:43:39,2347.2,Safari Storme EX,91.5,1458.84,21.1,44.8,77.3622,41.9022,14.1895,0.7561,0,0,0.0,3.178,0.0,Aggressive,26.315,Drizzle,Drizzle,79.2,6.4218,81.5064,1011.8,4.0,58.5,Urban,68634,11,5.6853,4.1926,0.7668,18.521176470588234,73.84519411764707,Pune,,,,0.7623,WARNING,False
2026-01-21 20:43:41,2349.6,Safari Storme EX,91.4,1524.68,24.1,44.9,94.8777,56.2247,14.1553,0.7295,0,0,0.0,3.866,0.0,Aggressive,26.3152,Drizzle,Drizzle,79.2,6.412,81.4932,1011.8,4.0,58.5,Urban,68634,11,5.6853,4.1926,0.7668,18.51679,73.85115599999999,Pune,,,,0.7623,WARNING,False
2026-01-21 20:43:44,2352.0,Safari Storme EX,92.0,1564.05,26.4,45.8,87.2399,52.6944,14.2012,0.7367,0,0,0.0,2.487,0.0,Aggressive,26.3133,Drizzle,Drizzle,79.2,6.3931,81.4836,1011.8,4.0,58.5,Urban,68634,11,5.6853,4.1926,0.7668,18.51712268041237,73.84952886597938,Pune,,,,0.7623,WARNING,False
2026-01-21 20:43:46,2354.4,Safari Storme EX,90.8,1577.1,28.7,45.8,89.4814,54.3811,14.1186,0.7299,0,0,0.0,3.258,0.0,Aggressive,26.3057,Drizzle,Drizzle,79.2,6.3912,81.5013,1011.8,4.0,58.5,Urban,68634,11,5.6852,4.1926,0.7668,18.51790842105263,73.85589052631579,Pune,,,,0.7623,WARNING,False
2026-01-21 20:43:48,2356.8,Safari Storme EX,91.3,1620.37,26.9,46.3,67.5752,3.3268,14.1351,0.7381,0,0,0.0,2.929,0.0,Smooth,26.2921,Drizzle,Drizzle,79.2,6.4157,81.4886,1011.8,4.0,58.5,Urban,68634,11,5.6852,4.1926,0.7668,18.52032980769231,73.85430096153846,Pune,,,,0.7623,WARNING,False
2026-01-21 20:43:51,2359.2,Safari Storme EX,91.7,1373.84,18.9,45.6,69.9034,39.7917,14.2757,0.7001,0,0,0.0,3.784,0.0,Smooth,26.2939,Drizzle,Drizzle,79.2,6.3988,81.4873,1011.8,4.0,58.5,Urban,68634,11,5.6852,4.1926,0.7668,18.528726,73.856136,Pune,,,,0.7623,WARNING,False
2026-01-21 20:43:53,2361.6,Safari Storme EX,91.3,1637.68,22.0,46.4,82.7112,19.0618,14.1571,0.7347,0,0,0.0,4.018,0.0,Aggressive,26.3094,Drizzle,Drizzle,79.2,6.4021,81.5034,1011.8,4.0,58.5,Urban,68634,11,5.6852,4.1926,0.7669,18.52299157894737,73.85173789473684,Pune,,,,0.7626,WARNING,False
2026-01-21 20:43:56,2364.0,Safari Storme EX,91.6,1523.18,22.5,43.1,72.5199,44.0392,14.2243,0.7193,0,0,0.0,3.955,0.0,Aggressive,26.3119,Drizzle,Drizzle,79.2,6.4001,81.4932,1011.8,4.0,58.5,Urban,68634,11,5.6852,4.1926,0.7669,18.516467924528303,73.84946698113207,Pune,,,,0.7626,WARNING,False
2026-01-21 20:43:58,2366.4,Safari Storme EX,91.1,1564.65,21.6,47.2,69.8732,1.4576,14.1797,0.735,0,0,0.0,2.886,0.0,Smooth,26.2963,Drizzle,Drizzle,79.2,6.3986,81.4984,1011.8,4.0,58.5,Urban,68634,11,5.6852,4.1926,0.7669,18.520567346938776,73.8500581632653,Pune,,,,0.7626,WARNING,False
2026-01-21 20:44:00,2368.8,Safari Storme EX,92.3,1412.19,21.5,45.8,72.1504,5.4374,14.1786,0.7356,0,0,0.0,1.398,0.0,Aggressive,26.3123,Drizzle,Drizzle,79.2,6.3972,81.5043,1011.8,4.0,58.5,Urban,68634,11,5.6851,4.1926,0.7669,18.516640206185567,73.8449144329897,Pune,,,,0.7626,WARNING,False
2026-01-21 20:44:03,2371.2,Safari Storme EX,91.5,1468.62,24.5,44.2,76.8334,45.884,14.171,0.7255,0,0,0.0,1.228,0.0,Aggressive,26.3038,Drizzle,Drizzle,79.2,6.4019,81.502,1011.8,4.0,58.5,Urban,68634,11,5.6851,4.1926,0.7669,18.519009615384615,73.84571346153847,Pune,,,,0.7626,WARNING,False
2026-01-21 20:44:05,2373.6,Safari Storme EX,91.6,1629.87,27.0,40.0,98.5567,12.7172,14.1028,0.7473,0,0,0.0,2.336,0.0,Aggressive,26.2836,Drizzle,Drizzle,79.2,6.4073,81.4992,1011.8,4.0,58.5,Urban,68634,11,5.6851,4.1926,0.7669,18.51233076923077,73.84587211538461,Pune,,,,0.7626,WARNING,False
2026-01-21 20:44:08,2376.0,Safari Storme EX,91.1,1596.0,26.3,47.2,71.9064,0.1447,14.1948,0.735,0,0,0.0,2.568,0.0,Aggressive,26.3016,Drizzle,Drizzle,79.2,6.4096,81.5055,1011.8,4.0,58.5,Urban,68634,11,5.6851,4.1926,0.7669,18.520518367346938,73.84827040816326,Pune,,,,0.7626,WARNING,False
2026-01-21 20:44:10,2378.4,Safari Storme EX,91.7,1468.05,20.0,42.2,67.7269,38.4326,14.1972,0.7467,0,0,0.0,3.029,0.0,Smooth,26.3111,Drizzle,Drizzle,79.2,6.4119,81.4872,1011.8,4.0,58.5,Urban,68634,11,5.6851,4.1925,0.7669,18.528283333333334,73.85467222222222,Pune,,,,0.7626,WARNING,False
2026-01-21 20:44:12,2380.8,Safari Storme EX,91.8,921.98,11.0,43.5,19.2248,11.8969,13.4474,0.7393,0,0,0.0,6.604,0.0,Stop-and-Go,26.2903,Drizzle,Drizzle,79.2,6.3963,81.4872,1011.8,4.0,58.5,Urban,68634,11,5.6851,4.1925,0.7669,18.518432999999998,73.862397,Pune,,,,0.7626,WARNING,False
2026-01-21 20:44:15,2383.2,Safari Storme EX,91.3,1370.12,20.5,45.8,89.4305,54.0573,14.1011,0.7299,0,0,0.0,6.429,0.0,Aggressive,26.2848,Drizzle,Drizzle,79.2,6.3962,81.4989,1011.8,4.0,58.5,Urban,68634,11,5.6851,4.1925,0.7669,18.51912105263158,73.85452631578947,Pune,,,,0.7626,WARNING,False
2026-01-21 20:44:17,2385.6,Safari Storme EX,91.9,1393.23,19.2,44.9,64.573,3.6606,14.1478,0.7459,0,0,0.0,5.472,0.0,Smooth,26.3052,Drizzle,Drizzle,79.2,6.396,81.5012,1011.8,4.0,58.5,Urban,68634,11,5.685,4.1925,0.7669,18.523591999999997,73.838732,Pune,,,,0.7626,WARNING,False
2026-01-21 20:44:20,2388.0,Safari Storme EX,91.2,1476.58,21.6,45.8,90.5543,55.6533,14.1499,0.7299,0,0,0.0,4.26,0.0,Aggressive,26.2761,Drizzle,Drizzle,79.2,6.4204,81.5054,1011.8,4.0,58.5,Urban,68634,11,5.685,4.1925,0.7669,18.520333684210524,73.85316210526315,Pune,,,,0.7626,WARNING,False
2026-01-21 20:44:22,2390.4,Safari Storme EX,91.4,1552.53,22.5,44.7,87.7931,52.0452,14.1027,0.7296,0,0,0.0,4.618,0.0,Aggressive,26.3049,Drizzle,Drizzle,79.2,6.3987,81.507,1011.8,4.0,58.5,Urban,68634,11,5.685,4.1925,0.7669,18.522506,73.84289799999999,Pune,,,,0.7626,WARNING,False
2026-01-21 20:44:24,2392.8,Safari Storme EX,91.4,1539.64,24.5,45.8,89.312,55.4949,14.1696,0.7299,0,0,0.0,2.011,0.0,Aggressive,26.2791,Drizzle,Drizzle,79.2,6.3936,81.5049,1011.8,4.0,58.5,Urban,68634,11,5.685,4.1925,0.7669,18.52154631578947,73.85179789473685,Pune,,,,0.7626,WARNING,False
2026-01-21 20:44:27,2395.2,Safari Storme EX,91.6,1574.46,27.1,44.6,96.3365,0.7652,14.2144,0.7338,0,0,0.0,2.988,0.0,Aggressive,26.2943,Drizzle,Drizzle,79.2,6.3945,81.5106,1011.8,4.0,58.5,Urban,68634,11,5.685,4.1925,0.7669,18.528675,73.8489,Pune,,,,0.7626,WARNING,False
2026-01-21 20:44:29,2397.6,Safari Storme EX,91.7,1668.16,31.0,40.0,97.1799,11.8882,14.1071,0.7473,0,0,0.0,3.804,0.0,Aggressive,26.2908,Drizzle,Drizzle,79.2,6.4041,81.5069,1011.8,4.0,58.5,Urban,68634,11,5.685,4.1925,0.7669,18.51233076923077,73.84587211538461,Pune,,,,0.7626,WARNING,False
2026-01-21 20:44:32,2400.0,Safari Storme EX,92.5,1643.4,28.6,40.8,75.6809,22.3353,14.1923,0.7246,0,0,0.0,3.344,0.0,Aggressive,26.3023,Drizzle,Drizzle,79.2,6.3835,81.4971,1011.8,4.0,58.5,Urban,68634,11,5.685,4.1925,0.7669,18.521353125,73.849346875,Pune,,,,0.7626,WARNING,False
2026-01-21 20:44:34,2402.4,Safari Storme EX,92.2,1797.26,29.2,45.8,89.0835,54.7875,14.1595,0.7299,0,0,0.0,2.441,0.0,Aggressive,26.2893,Drizzle,Drizzle,79.2,6.389,81.4964,1011.8,4.0,58.5,Urban,68634,11,5.6849,4.1925,0.7669,18.51790842105263,73.85589052631579,Pune,,,,0.7626,WARNING,False
2026-01-21 20:44:36,2404.8,Safari Storme EX,91.2,1400.14,23.6,40.1,66.5257,40.5899,14.2781,0.737,0,0,0.0,2.78,0.0,Smooth,26.2871,Drizzle,Drizzle,79.2,6.4057,81.5018,1011.8,4.0,58.5,Urban,68634,11,5.6849,4.1925,0.7669,18.52645882352941,73.85486274509805,Pune,,,,0.7626,WARNING,False
2026-01-21 20:44:39,2407.2,Safari Storme EX,91.9,1656.83,23.8,43.1,63.2454,41.3683,14.1543,0.7193,0,0,0.0,3.351,0.0,Smooth,26.3102,Drizzle,Drizzle,79.2,6.4033,81.4918,1011.8,4.0,58.5,Urban,68634,11,5.6849,4.1925,0.7669,18.517464150943397,73.84371603773585,Pune,,,,0.7626,WARNING,False
2026-01-21 20:44:41,2409.6,Safari Storme EX,91.4,1581.46,26.2,45.8,88.5126,51.8723,14.1991,0.7367,0,0,0.0,2.61,0.0,Aggressive,26.2927,Drizzle,Drizzle,79.2,6.3969,81.495,1011.8,4.0,58.5,Urban,68634,11,5.6849,4.1924,0.7669,18.516974226804123,73.84737628865979,Pune,,,,0.7626,WARNING,False
2026-01-21 20:44:44,2412.0,Safari Storme EX,92.2,1581.47,27.0,46.3,70.24,3.0924,14.179,0.7381,0,0,0.0,2.338,0.0,Aggressive,26.2818,Drizzle,Drizzle,79.2,6.4042,81.5213,1011.8,4.0,58.5,Urban,68634,11,5.6849,4.1924,0.7669,18.52032980769231,73.85430096153846,Pune,,,,0.7626,WARNING,False
2026-01-21 20:44:46,2414.4,Safari Storme EX,91.4,1687.91,29.9,40.7,81.8368,52.1887,14.2004,0.7357,0,0,0.0,2.588,0.0,Aggressive,26.299,Drizzle,Drizzle,79.2,6.4063,81.5138,1011.8,4.0,58.5,Urban,68634,11,5.6849,4.1924,0.7669,18.51593804347826,73.85290869565218,Pune,,,,0.7626,WARNING,False
2026-01-21 20:44:48,2416.8,Safari Storme EX,91.7,1448.84,24.3,41.2,90.0953,51.2351,14.1173,0.7245,0,0,0.0,2.434,0.0,Aggressive,26.3001,Drizzle,Drizzle,79.2,6.4027,81.5046,1011.8,4.0,58.5,Urban,68634,11,5.6848,4.1924,0.7669,18.525034020618556,73.85655670103093,Pune,,,,0.7626,WARNING,False
2026-01-21 20:44:51,2419.2,Safari Storme EX,91.6,957.67,14.3,43.3,18.7028,-0.2981,10.7971,0.7347,0,0,0.0,5.963,0.0,Stop-and-Go,26.305,Drizzle,Drizzle,79.2,6.3932,81.4987,1011.8,4.0,58.5,Urban,68634,11,5.6848,4.1924,0.7669,18.5205,73.8482,Pune,,,,0.7626,WARNING,False
2026-01-21 20:44:53,2421.6,Safari Storme EX,92.2,1422.05,19.1,44.6,63.8108,39.5063,14.2449,0.7304,0,0,0.0,6.248,0.0,Smooth,26.3074,Drizzle,Drizzle,79.2,6.3913,81.4939,1011.8,4.0,58.5,Urban,68634,11,5.6848,4.1924,0.7669,18.522924210526316,73.84929157894737,Pune,,,,0.7626,WARNING,False
2026-01-21 20:44:56,2424.0,Safari Storme EX,91.2,994.84,12.6,42.3,20.3853,11.2086,14.2052,0.7204,0,0,0.0,7.151,0.0,Stop-and-Go,26.3032,Drizzle,Drizzle,79.2,6.3965,81.5069,1011.8,4.0,58.5,Urban,68634,11,5.6848,4.1924,0.7669,18.520301,73.860882,Pune,,,,0.7626,WARNING,False
2026-01-21 20:44:58,2426.4,Safari Storme EX,91.5,992.77,14.4,44.6,71.2318,43.6878,14.2703,0.7304,0,0,0.0,4.772,0.0,Aggressive,26.3076,Drizzle,Drizzle,79.2,6.3978,81.5083,1011.8,4.0,58.5,Urban,68634,11,5.6848,4.1924,0.7669,18.521509473684212,73.84780105263158,Pune,,,,0.7626,WARNING,False
2026-01-21 20:45:00,2428.8,Safari Storme EX,91.7,1508.73,21.7,43.3,94.502,57.5519,14.2245,0.7445,0,0,0.0,3.815,0.0,Aggressive,26.3171,Drizzle,Drizzle,79.2,6.393,81.5105,1011.8,4.0,58.5,Urban,68634,11,5.6848,4.1924,0.7669,18.520256074766355,73.85663925233645,Pune,,,,0.7626,WARNING,False
2026-01-21 20:45:03,2431.2,Safari Storme EX,91.8,1544.28,24.5,43.4,90.5899,54.4516,14.1647,0.7359,0,0,0.0,4.955,0.0,Aggressive,26.3118,Drizzle,Drizzle,79.2,6.4071,81.4997,1011.8,4.0,58.5,Urban,68635,11,5.6848,4.1924,0.7669,18.525330303030305,73.85050000000001,Pune,,,,0.7626,WARNING,False
2026-01-21 20:45:05,2433.6,Safari Storme EX,91.3,1687.87,31.4,45.7,91.3344,46.627,14.1711,0.734,0,0,0.0,7.665,0.0,Aggressive,26.3084,Drizzle,Drizzle,79.2,6.405,81.501,1011.8,4.0,58.5,Urban,68635,11,5.6847,4.1924,0.7669,18.523223157894737,73.85938315789474,Pune,,,,0.7626,WARNING,False
2026-01-21 20:45:08,2436.0,Safari Storme EX,91.7,1421.71,18.8,47.9,61.9725,10.5407,14.1677,0.7426,0,0,1.0,6.375,0.0,Smooth,26.3151,Drizzle,Drizzle,79.2,6.3999,81.5085,1011.8,4.0,58.5,Urban,68635,11,5.6847,4.1924,0.7669,18.527142708333333,73.85445208333334,Pune,,,,0.7626,WARNING,False
2026-01-21 20:45:10,2438.4,Safari Storme EX,91.2,1605.98,24.2,40.9,81.9011,48.667,14.1381,0.7204,0,0,0.0,4.672,0.0,Aggressive,26.3233,Drizzle,Drizzle,79.2,6.4008,81.4952,1011.8,4.0,58.5,Urban,68635,11,5.6847,4.1924,0.7669,18.520568571428573,73.84613142857143,Pune,,,,0.7626,WARNING,False
2026-01-21 20:45:12,2440.8,Safari Storme EX,91.0,1453.85,25.0,40.3,82.3736,50.9686,14.1033,0.7567,0,0,0.0,4.473,0.0,Aggressive,26.3006,Drizzle,Drizzle,79.2,6.4021,81.5047,1011.8,4.0,58.5,Urban,68635,11,5.6847,4.1923,0.7669,18.520747572815534,73.85030291262136,Pune,,,,0.7626,WARNING,False
2026-01-21 20:45:15,2443.2,Safari Storme EX,91.6,1478.71,24.8,40.3,81.6285,47.3388,14.1963,0.7489,0,0,0.0,4.471,0.0,Aggressive,26.3071,Drizzle,Drizzle,79.2,6.3838,81.4991,1011.8,4.0,58.5,Urban,68635,11,5.6847,4.1923,0.7669,18.524250476190478,73.85642,Pune,,,,0.7626,WARNING,False
2026-01-21 20:45:17,2445.6,Safari Storme EX,90.8,1473.52,18.9,45.6,69.3471,4.4194,14.1798,0.7119,0,0,0.0,3.2,0.0,Smooth,26.3025,Drizzle,Drizzle,79.2,6.4052,81.4963,1011.8,4.0,58.5,Urban,68635,11,5.6847,4.1923,0.7669,18.517300970873787,73.84883980582525,Pune,,,,0.7626,WARNING,False
2026-01-21 20:45:20,2448.0,Safari Storme EX,91.7,1438.3,22.1,40.3,84.5849,51.0272,14.1331,0.7567,0,0,0.0,2.564,0.0,Aggressive,26.2966,Drizzle,Drizzle,79.2,6.4017,81.5063,1011.8,4.0,58.5,Urban,68635,11,5.6847,4.1923,0.7669,18.52133009708738,73.84960388349515,Pune,,,,0.7626,WARNING,False
2026-01-21 20:45:22,2450.4,Safari Storme EX,91.9,1464.1,23.0,44.7,76.1135,1.2396,14.1966,0.7382,0,0,0.0,2.479,0.0,Aggressive,26.2984,Drizzle,Drizzle,79.2,6.4193,81.5143,1011.8,4.0,58.5,Urban,68635,11,5.6846,4.1923,0.7669,18.518551923076924,73.8476951923077,Pune,,,,0.7626,WARNING,False
2026-01-21 20:45:24,2452.8,Safari Storme EX,92.0,1258.67,16.8,43.0,17.9879,3.4537,10.486,0.726,0,0,0.0,3.226,0.0,Stop-and-Go,26.3005,Drizzle,Drizzle,79.2,6.3787,81.4874,1011.8,4.0,58.5,Urban,68635,11,5.6846,4.1923,0.7669,18.51989150943396,73.85042264150943,Pune,,,,0.7626,WARNING,False
2026-01-21 20:45:27,2455.2,Safari Storme EX,91.4,1289.69,15.9,43.7,85.6309,53.7091,14.1193,0.7253,0,0,0.0,3.142,0.0,Aggressive,26.2929,Drizzle,Drizzle,79.2,6.4129,81.4682,1011.8,4.0,58.5,Urban,68635,11,5.6846,4.1923,0.7669,18.5185010989011,73.85115934065934,Pune,,,,0.7626,WARNING,False
2026-01-21 20:45:29,2457.6,Safari Storme EX,91.5,1467.03,22.9,45.9,84.806,0.5537,14.1679,0.7444,0,0,0.0,3.492,0.0,Aggressive,26.3116,Drizzle,Drizzle,79.2,6.4108,81.5024,1011.8,4.0,58.5,Urban,68635,11,5.6846,4.1923,0.7669,18.522640594059407,73.85356435643564,Pune,,,,0.7626,WARNING,False
2026-01-21 20:45:32,2460.0,Safari Storme EX,91.2,1467.75,24.0,46.3,67.0307,4.1664,14.1854,0.7381,0,0,0.0,3.844,0.0,Smooth,26.2964,Drizzle,Drizzle,79.2,6.4069,81.5081,1011.8,4.0,58.5,Urban,68635,11,5.6846,4.1923,0.7669,18.52032980769231,73.85430096153846,Pune,,,,0.7626,WARNING,False
2026-01-21 20:45:34,2462.4,Safari Storme EX,92.0,1453.77,18.4,47.0,67.2107,0.6855,14.1681,0.7399,0,0,0.0,3.648,0.0,Smooth,26.2989,Drizzle,Drizzle,79.2,6.3865,81.4865,1011.8,4.0,58.5,Urban,68635,11,5.6846,4.1923,0.7669,18.52431782178218,73.84601485148515,Pune,,,,0.7626,WARNING,False
2026-01-21 20:45:36,2464.8,Safari Storme EX,91.7,1538.71,21.0,47.9,79.7541,52.8497,14.1518,0.7338,0,0,0.0,3.31,0.0,Aggressive,26.3115,Drizzle,Drizzle,79.2,6.3974,81.5018,1011.8,4.0,58.5,Urban,68635,11,5.6845,4.1923,0.7669,18.516750000000002,73.85033679245284,Pune,,,,0.7626,WARNING,False
2026-01-21 20:45:39,2467.2,Safari Storme EX,92.4,1475.39,24.7,46.4,81.0993,18.7407,14.136,0.7347,0,0,0.0,2.543,0.0,Aggressive,26.3101,Drizzle,Drizzle,79.2,6.3956,81.5002,1011.8,4.0,58.5,Urban,68635,11,5.6845,4.1923,0.7669,18.52299157894737,73.85173789473684,Pune,,,,0.7626,WARNING,False
2026-01-21 20:45:41,2469.6,Safari Storme EX,91.2,1591.22,19.1,46.8,68.235,37.3245,14.129,0.7426,0,0,0.0,2.832,0.0,Smooth,26.307,Drizzle,Drizzle,79.2,6.4091,81.4957,1011.8,4.0,58.5,Urban,68635,11,5.6845,4.1923,0.7669,18.516407216494844,73.85439278350516,Pune,,,,0.7626,WARNING,False
2026-01-21 20:45:44,2472.0,Safari Storme EX,91.6,1417.7,21.6,40.8,72.9425,21.3998,14.1024,0.7246,0,0,0.0,2.47,0.0,Aggressive,26.2937,Drizzle,Drizzle,79.2,6.3974,81.4895,1011.8,4.0,58.5,Urban,68635,11,5.6845,4.1923,0.7669,18.521353125,73.849346875,Pune,,,,0.7626,WARNING,False
2026-01-21 20:45:46,2474.4,Safari Storme EX,92.2,750.0,0.0,45.6,70.0316,28.5895,14.2388,0.7433,0,0,1.0,9.867,0.1,Stop-and-Go,26.3113,Drizzle,Drizzle,79.2,6.414,81.4889,1011.8,4.0,58.5,Urban,68635,11,5.6845,4.1922,0.7669,18.524188,73.846108,Pune,,,,0.7626,WARNING,False
2026-01-21 20:45:48,2476.8,Safari Storme EX,92.4,1033.0,2.9,45.8,76.2291,19.6164,14.1675,0.7356,0,0,0.0,11.368,0.1,Stop-and-Go,26.2925,Drizzle,Drizzle,79.2,6.4009,81.4805,1011.8,4.0,58.5,Urban,68635,11,5.6845,4.1922,0.7669,18.51671443298969,73.84531030927835,Pune,,,,0.7626,WARNING,False
2026-01-21 20:45:51,2479.2,Safari Storme EX,92.0,981.01,10.5,44.0,67.2375,14.9965,14.1839,0.7403,0,0,0.0,9.548,0.1,Smooth,26.3097,Drizzle,Drizzle,79.2,6.4021,81.4977,1011.8,4.0,58.5,Urban,68635,11,5.6845,4.1922,0.7669,18.521378723404254,73.84767021276596,Pune,,,,0.7626,WARNING,False
2026-01-21 20:45:53,2481.6,Safari Storme EX,91.0,874.82,11.8,41.5,58.2957,34.8668,14.1938,0.7388,0,0,0.0,8.462,0.1,Smooth,26.2935,Drizzle,Drizzle,79.2,6.3854,81.4921,1011.8,4.0,58.5,Urban,68635,11,5.6844,4.1922,0.7669,18.524057142857146,73.85012857142857,Pune,,,,0.7626,WARNING,False
2026-01-21 20:45:56,2484.0,Safari Storme EX,91.8,1015.81,11.7,44.2,34.3338,19.0555,14.1251,0.7216,0,0,0.0,5.533,0.1,Smooth,26.2977,Drizzle,Drizzle,79.2,6.4148,81.5121,1011.8,4.0,58.5,Urban,68635,11,5.6844,4.1922,0.7669,18.526753846153845,73.85501346153846,Pune,,,,0.7626,WARNING,False
2026-01-21 20:45:58,2486.4,Safari Storme EX,91.4,985.08,1.0,45.7,87.5511,6.3937,14.1288,0.734,0,0,0.0,5.208,0.1,Stop-and-Go,26.3013,Drizzle,Drizzle,79.2,6.3993,81.5148,1011.8,4.0,58.5,Urban,68635,11,5.6844,4.1922,0.7669,18.523374736842104,73.8566547368421,Pune,,,,0.7626,WARNING,False
2026-01-21 20:46:00,2488.8,Safari Storme EX,92.0,854.64,0.0,42.2,65.7183,37.6961,14.2006,0.7467,0,0,0.0,5.966,0.2,Stop-and-Go,26.301,Drizzle,Drizzle,79.2,6.4021,81.5133,1011.8,4.0,58.5,Urban,68635,11,5.6844,4.1922,0.767,18.52815,73.84778333333334,Pune,,,,0.7629,WARNING,False
2026-01-21 20:46:03,2491.2,Safari Storme EX,91.7,945.07,0.0,42.3,24.9575,5.4788,14.2019,0.7204,0,0,0.0,6.267,0.3,Stop-and-Go,26.3007,Drizzle,Drizzle,79.2,6.3864,81.4955,1011.8,4.0,58.5,Urban,68635,11,5.6844,4.1922,0.767,18.523613,73.854066,Pune,,,,0.7629,WARNING,False
2026-01-21 20:46:05,2493.6,Safari Storme EX,92.4,832.13,0.0,45.9,91.1465,-0.0588,14.1206,0.7444,0,0,0.0,5.139,0.4,Stop-and-Go,26.3065,Drizzle,Drizzle,79.2,6.4053,81.5022,1011.8,4.0,58.5,Urban,68635,11,5.6844,4.1922,0.767,18.52841485148515,73.8527089108911,Pune,,,,0.7629,WARNING,False
2026-01-21 20:46:08,2496.0,Safari Storme EX,92.6,750.0,1.0,45.8,73.0451,5.7841,14.1795,0.7356,0,0,0.0,0.548,0.4,Stop-and-Go,26.3077,Drizzle,Drizzle,79.2,6.415,81.5069,1011.8,4.0,58.5,Urban,68635,11,5.6844,4.1922,0.767,18.516640206185567,73.8449144329897,Pune,,,,0.7629,WARNING,False
2026-01-21 20:46:10,2498.4,Safari Storme EX,92.4,768.44,1.2,41.2,99.84,57.3114,14.2051,0.7419,0,0,0.0,0.607,0.3,Stop-and-Go,26.2801,Drizzle,Drizzle,79.2,6.3837,81.4897,1011.8,4.0,58.5,Urban,68635,11,5.6843,4.1922,0.767,18.51164897959184,73.85169387755101,Pune,,,,0.7629,WARNING,False
2026-01-21 20:46:12,2500.8,Safari Storme EX,91.4,750.0,0.0,47.8,94.2181,52.0133,14.1612,0.7411,0,0,0.0,0.607,0.4,Stop-and-Go,26.3065,Drizzle,Drizzle,79.2,6.4054,81.4832,1011.8,4.0,58.5,Urban,68635,11,5.6843,4.1922,0.767,18.517581651376144,73.85189082568807,Pune,,,,0.7629,WARNING,False
2026-01-21 20:46:15,2503.2,Safari Storme EX,91.7,774.78,0.9,42.5,55.0737,37.0042,14.1239,0.7323,0,0,0.0,0.576,0.4,Stop-and-Go,26.2914,Drizzle,Drizzle,79.2,6.4021,81.4985,1011.8,4.0,58.5,Urban,68635,11,5.6843,4.1922,0.767,18.523574999999997,73.845,Pune,,,,0.7629,WARNING,False
2026-01-21 20:46:17,2505.6,Safari Storme EX,91.5,852.09,0.0,41.5,58.4443,36.6387,14.2414,0.7388,0,0,0.0,0.576,0.5,Stop-and-Go,26.2979,Drizzle,Drizzle,79.2,6.4002,81.5011,1011.8,4.0,58.5,Urban,68635,11,5.6843,4.1921,0.767,18.524057142857146,73.85012857142857,Pune,,,,0.7629,WARNING,False
2026-01-21 20:46:20,2508.0,Safari Storme EX,92.1,750.0,0.0,46.4,82.7698,18.8943,14.2018,0.7347,0,0,0.0,0.585,0.6,Stop-and-Go,26.2946,Drizzle,Drizzle,79.2,6.385,81.4972,1011.8,4.0,58.5,Urban,68635,11,5.6843,4.1921,0.767,18.52299157894737,73.85173789473684,Pune,,,,0.7629,WARNING,False
2026-01-21 20:46:22,2510.4,Safari Storme EX,91.0,987.72,0.0,44.5,61.9093,33.1768,14.1574,0.7523,0,0,0.0,0.402,0.7,Stop-and-Go,26.2936,Drizzle,Drizzle,79.2,6.4042,81.4958,1011.8,4.0,58.5,Urban,68635,11,5.6843,4.1921,0.767,18.516108653846153,73.84887211538461,Pune,,,,0.7629,WARNING,False
2026-01-21 20:46:24,2512.8,Safari Storme EX,91.7,832.22,0.0,47.9,64.1479,21.3316,14.2195,0.7426,0,0,0.0,0.402,0.7,Stop-and-Go,26.2937,Drizzle,Drizzle,79.2,6.402,81.5085,1011.8,4.0,58.5,Urban,68635,11,5.6842,4.1921,0.767,18.525517708333336,73.85200208333333,Pune,,,,0.7629,WARNING,False
2026-01-21 20:46:27,2515.2,Safari Storme EX,90.9,799.86,3.3,46.3,70.3448,12.5562,14.1676,0.7381,0,0,0.0,1.476,0.6,Aggressive,26.3096,Drizzle,Drizzle,79.2,6.4012,81.497,1011.8,4.0,58.5,Urban,68635,11,5.6842,4.1921,0.767,18.519060576923078,73.85224711538461,Pune,,,,0.7629,WARNING,False
2026-01-21 20:46:29,2517.6,Safari Storme EX,91.9,758.54,0.2,42.7,88.5887,55.036,14.0726,0.7343,0,0,0.0,1.456,0.5,Stop-and-Go,26.3097,Drizzle,Drizzle,79.2,6.3948,81.4938,1011.8,4.0,58.5,Urban,68635,11,5.6842,4.1921,0.767,18.517246153846152,73.85646153846155,Pune,,,,0.7629,WARNING,False
2026-01-21 20:46:32,2520.0,Safari Storme EX,92.0,854.81,0.0,41.5,58.8657,36.5187,14.163,0.7388,0,0,0.0,1.456,0.6,Stop-and-Go,26.3076,Drizzle,Drizzle,79.2,6.3957,81.5068,1011.8,4.0,58.5,Urban,68635,11,5.6842,4.1921,0.767,18.524057142857146,73.85012857142857,Pune,,,,0.7629,WARNING,False
2026-01-21 20:46:34,2522.4,Safari Storme EX,91.6,775.4,1.5,45.6,75.1859,28.4511,14.196,0.7119,0,0,0.0,1.43,0.6,Stop-and-Go,26.3103,Drizzle,Drizzle,79.2,6.4119,81.5147,1011.8,4.0,58.5,Urban,68635,11,5.6842,4.1921,0.767,18.522706796116506,73.8448786407767,Pune,,,,0.7629,WARNING,False
2026-01-21 20:46:36,2524.8,Safari Storme EX,91.3,750.0,0.8,45.7,90.0882,20.4205,14.2313,0.734,0,0,0.0,1.332,0.5,Stop-and-Go,26.3146,Drizzle,Drizzle,79.2,6.4099,81.5044,1011.8,4.0,58.5,Urban,68635,11,5.6842,4.1921,0.767,18.523324210526315,73.85756421052632,Pune,,,,0.7629,WARNING,False
2026-01-21 20:46:39,2527.2,Safari Storme EX,92.1,1020.18,3.1,44.2,54.0189,32.096,14.1983,0.7216,0,0,0.0,1.252,0.5,Smooth,26.2949,Drizzle,Drizzle,79.2,6.4099,81.508,1011.8,4.0,58.5,Urban,68635,11,5.6842,4.1921,0.767,18.52343076923077,73.84788269230769,Pune,,,,0.7629,WARNING,False
2026-01-21 20:46:41,2529.6,Safari Storme EX,91.3,763.55,6.9,41.5,61.9866,39.3508,14.1323,0.7388,0,0,0.0,2.732,0.4,Smooth,26.3015,Drizzle,Drizzle,79.2,6.3778,81.5066,1011.8,4.0,58.5,Urban,68635,11,5.6841,4.1921,0.767,18.522982857142857,73.84871142857142,Pune,,,,0.7629,WARNING,False
2026-01-21 20:46:44,2532.0,Safari Storme EX,92.2,1040.59,10.1,45.1,94.3826,25.4049,14.2172,0.7274,0,0,0.0,3.93,0.3,Aggressive,26.2902,Drizzle,Drizzle,79.2,6.3888,81.4879,1011.8,4.0,58.5,Urban,68635,11,5.6841,4.1921,0.767,18.524302040816327,73.85418775510205,Pune,,,,0.7629,WARNING,False
2026-01-21 20:46:46,2534.4,Safari Storme EX,90.9,873.73,9.6,40.3,84.9879,51.0582,14.167,0.7567,0,0,0.0,4.061,0.2,Aggressive,26.3125,Drizzle,Drizzle,79.2,6.4129,81.5113,1011.8,4.0,58.5,Urban,68635,11,5.6841,4.1921,0.767,18.520747572815534,73.85030291262136,Pune,,,,0.7629,WARNING,False
2026-01-21 20:46:48,2536.8,Safari Storme EX,91.5,1516.14,17.1,40.7,81.4217,53.7446,14.2017,0.7357,0,0,0.0,5.142,0.1,Aggressive,26.3057,Drizzle,Drizzle,79.2,6.3946,81.5089,1011.8,4.0,58.5,Urban,68635,11,5.6841,4.192,0.767,18.51593804347826,73.85290869565218,Pune,,,,0.7629,WARNING,False
2026-01-21 20:46:51,2539.2,Safari Storme EX,92.3,1468.96,18.6,43.0,24.7617,16.293,10.6528,0.726,0,0,0.0,5.096,0.1,Stop-and-Go,26.3086,Drizzle,Drizzle,79.2,6.4001,81.4944,1011.8,4.0,58.5,Urban,68635,11,5.6841,4.192,0.767,18.52417075471698,73.84621132075472,Pune,,,,0.7629,WARNING,False
2026-01-21 20:46:53,2541.6,Safari Storme EX,92.3,1491.0,19.2,43.3,93.6743,56.3748,14.2056,0.7445,0,0,0.0,4.694,0.1,Aggressive,26.2927,Drizzle,Drizzle,79.2,6.3981,81.4969,1011.8,4.0,58.5,Urban,68635,11,5.6841,4.192,0.767,18.520256074766355,73.85663925233645,Pune,,,,0.7629,WARNING,False
2026-01-21 20:46:56,2544.0,Safari Storme EX,91.7,1617.96,26.0,41.1,22.0496,16.6254,14.2037,0.7301,0,0,0.0,5.855,0.0,Smooth,26.2819,Drizzle,Drizzle,79.2,6.4066,81.4962,1011.8,4.0,58.5,Urban,68635,11,5.6841,4.192,0.767,18.51797,73.850168,Pune,,,,0.7629,WARNING,False
2026-01-21 20:46:58,2546.4,Safari Storme EX,91.2,978.15,13.4,40.3,91.7843,10.5458,14.1223,0.7581,0,0,1.0,4.585,0.0,Aggressive,26.309,Drizzle,Drizzle,79.2,6.4089,81.5044,1011.8,4.0,58.5,Urban,68635,11,5.684,4.192,0.767,18.528082178217822,73.85183366336634,Pune,,,,0.7629,WARNING,False
2026-01-21 20:47:00,2548.8,Safari Storme EX,92.6,1360.64,16.6,42.7,52.8369,38.2504,14.1035,0.7325,0,0,0.0,4.638,0.0,Smooth,26.2868,Drizzle,Drizzle,79.2,6.4026,81.4942,1011.8,4.0,58.5,Urban,68635,11,5.684,4.192,0.767,18.524419626168225,73.84655607476635,Pune,,,,0.7629,WARNING,False
2026-01-21 20:47:03,2551.2,Safari Storme EX,91.7,1408.39,18.2,42.2,68.259,37.1121,14.1416,0.7467,0,0,0.0,4.645,0.0,Smooth,26.2979,Drizzle,Drizzle,79.2,6.3908,81.5083,1011.8,4.0,58.5,Urban,68635,11,5.684,4.192,0.767,18.52835,73.85811666666666,Pune,,,,0.7629,WARNING,False
2026-01-21 20:47:05,2553.6,Safari Storme EX,91.8,1640.13,26.7,43.4,93.0342,55.1062,14.2042,0.7359,0,0,0.0,5.897,0.0,Aggressive,26.3003,Drizzle,Drizzle,79.2,6.4033,81.4879,1011.8,4.0,58.5,Urban,68635,11,5.684,4.192,0.767,18.524433333333334,73.85130000000001,Pune,,,,0.7629,WARNING,False
2026-01-21 20:47:08,2556.0,Safari Storme EX,92.1,1359.58,17.7,45.9,86.0711,-1.1261,14.1895,0.7444,0,0,0.0,4.939,0.0,Aggressive,26.3042,Drizzle,Drizzle,79.2,6.3756,81.5064,1011.8,4.0,58.5,Urban,68635,11,5.684,4.192,0.767,18.522640594059407,73.85356435643564,Pune,,,,0.7629,WARNING,False
2026-01-21 20:47:10,2558.4,Safari Storme EX,91.8,1584.25,29.0,45.5,81.9583,51.1372,14.1439,0.7172,0,0,0.0,5.756,0.0,Aggressive,26.3081,Drizzle,Drizzle,79.2,6.401,81.4947,1011.8,4.0,58.5,Urban,68635,11,5.684,4.192,0.767,18.513237623762375,73.85441089108912,Pune,,,,0.7629,WARNING,False
2026-01-21 20:47:12,2560.8,Safari Storme EX,91.8,1555.42,25.7,46.3,72.9379,20.6402,14.1888,0.7381,0,0,0.0,5.173,0.0,Aggressive,26.2978,Drizzle,Drizzle,79.2,6.3976,81.5018,1011.8,4.0,58.5,Urban,68635,11,5.6839,4.192,0.767,18.517791346153846,73.85019326923077,Pune,,,,0.7629,WARNING,False
2026-01-21 20:47:15,2563.2,Safari Storme EX,91.7,1597.93,27.2,41.4,82.3932,49.7975,14.1964,0.7272,0,0,0.0,4.392,0.0,Aggressive,26.2765,Drizzle,Drizzle,79.2,6.3855,81.4915,1011.8,4.0,58.5,Urban,68635,11,5.6839,4.192,0.767,18.519124489795917,73.85081836734693,Pune,,,,0.7629,WARNING,False
2026-01-21 20:47:17,2565.6,Safari Storme EX,92.6,1394.0,19.0,42.7,58.2291,40.9397,14.1029,0.7325,0,0,0.0,5.06,0.0,Smooth,26.2714,Drizzle,Drizzle,79.2,6.3953,81.5089,1011.8,4.0,58.5,Urban,68635,11,5.6839,4.192,0.767,18.523858878504672,73.84666822429907,Pune,,,,0.7629,WARNING,False
2026-01-21 20:47:20,2568.0,Safari Storme EX,91.2,1604.04,22.1,40.3,84.4377,51.5355,14.1488,0.7567,0,0,0.0,4.029,0.0,Aggressive,26.3058,Drizzle,Drizzle,79.2,6.3832,81.5028,1011.8,4.0,58.5,Urban,68635,11,5.6839,4.192,0.767,18.52133009708738,73.84960388349515,Pune,,,,0.7629,WARNING,False
2026-01-21 20:47:22,2570.4,Safari Storme EX,91.5,1603.3,24.3,40.5,78.8191,53.8508,14.1777,0.7511,0,0,0.0,3.211,0.0,Aggressive,26.2976,Drizzle,Drizzle,79.2,6.397,81.4957,1011.8,4.0,58.5,Urban,68635,11,5.6839,4.1919,0.767,18.5198,73.84448762886598,Pune,,,,0.7629,WARNING,False
2026-01-21 20:47:24,2572.8,Safari Storme EX,92.3,1623.9,25.6,41.9,91.0112,54.8074,14.2458,0.726,0,0,0.0,3.196,0.0,Aggressive,26.2941,Drizzle,Drizzle,79.2,6.3788,81.5041,1011.8,4.0,58.5,Urban,68635,11,5.6839,4.1919,0.767,18.525177894736842,73.84992631578947,Pune,,,,0.7629,WARNING,False
2026-01-21 20:47:27,2575.2,Safari Storme EX,91.5,1282.59,20.2,44.8,72.5515,40.2401,14.1275,0.7561,0,0,0.0,2.748,0.0,Aggressive,26.3018,Drizzle,Drizzle,79.2,6.3972,81.5063,1011.8,4.0,58.5,Urban,68635,11,5.6839,4.1919,0.767,18.518682352941177,73.8503705882353,Pune,,,,0.7629,WARNING,False
2026-01-21 20:47:29,2577.6,Safari Storme EX,91.7,1514.59,24.2,41.2,101.1512,56.884,14.1887,0.7419,0,0,0.0,2.13,0.0,Aggressive,26.3072,Drizzle,Drizzle,79.2,6.3919,81.5007,1011.8,4.0,58.5,Urban,68635,11,5.6838,4.1919,0.767,18.51164897959184,73.85169387755101,Pune,,,,0.7629,WARNING,False
2026-01-21 20:47:32,2580.0,Safari Storme EX,92.3,1396.6,23.2,44.8,77.9444,42.2516,14.1606,0.7561,0,0,0.0,2.032,0.0,Aggressive,26.3052,Drizzle,Drizzle,79.2,6.3889,81.5039,1011.8,4.0,58.5,Urban,68635,11,5.6838,4.1919,0.767,18.521176470588234,73.84519411764707,Pune,,,,0.7629,WARNING,False
2026-01-21 20:47:34,2582.4,Safari Storme EX,91.9,1264.33,15.9,47.9,62.0424,10.6693,14.2075,0.7426,0,0,0.0,3.858,0.0,Smooth,26.2885,Drizzle,Drizzle,79.2,6.4007,81.5023,1011.8,4.0,58.5,Urban,68635,11,5.6838,4.1919,0.767,18.527142708333333,73.85445208333334,Pune,,,,0.7629,WARNING,False
2026-01-21 20:47:36,2584.8,Safari Storme EX,92.3,921.34,9.5,43.5,17.9304,13.3867,13.4431,0.7393,0,0,0.0,6.025,0.0,Stop-and-Go,26.2952,Drizzle,Drizzle,79.2,6.3834,81.5003,1011.8,4.0,58.5,Urban,68635,11,5.6838,4.1919,0.767,18.518432999999998,73.862397,Pune,,,,0.7629,WARNING,False
2026-01-21 20:47:39,2587.2,Safari Storme EX,91.2,1387.58,16.7,40.6,92.6146,41.2285,14.0639,0.7501,0,0,0.0,5.995,0.0,Aggressive,26.3024,Drizzle,Drizzle,79.2,6.412,81.5041,1011.8,4.0,58.5,Urban,68635,11,5.6838,4.1919,0.767,18.519545833333336,73.8552,Pune,,,,0.7629,WARNING,False
2026-01-21 20:47:41,2589.6,Safari Storme EX,92.2,1661.42,23.0,44.7,82.3815,-0.2686,14.1587,0.7382,0,0,0.0,5.697,0.0,Aggressive,26.2802,Drizzle,Drizzle,79.2,6.4185,81.4942,1011.8,4.0,58.5,Urban,68635,11,5.6838,4.1919,0.767,18.521228846153846,73.85180288461538,Pune,,,,0.7629,WARNING,False
2026-01-21 20:47:44,2592.0,Safari Storme EX,91.7,975.99,12.2,41.0,28.118,19.0522,14.1606,0.7337,0,0,0.0,5.117,0.0,Stop-and-Go,26.2821,Drizzle,Drizzle,79.2,6.3992,81.495,1011.8,4.0,58.5,Urban,68635,11,5.6838,4.1919,0.767,18.513753846153847,73.85330576923077,Pune,,,,0.7629,WARNING,False
2026-01-21 20:47:46,2594.4,Safari Storme EX,91.0,1058.91,10.9,44.3,26.4956,16.4683,14.1611,0.7146,0,0,0.0,5.485,0.0,Stop-and-Go,26.3111,Drizzle,Drizzle,79.2,6.3848,81.5152,1011.8,4.0,58.5,Urban,68635,11,5.6837,4.1919,0.767,18.51395,73.8527,Pune,,,,0.7629,WARNING,False
2026-01-21 20:47:48,2596.8,Safari Storme EX,92.3,1212.56,15.1,46.4,84.1562,31.8548,14.1411,0.7347,0,0,0.0,4.74,0.0,Aggressive,26.2998,Drizzle,Drizzle,79.2,6.3917,81.5075,1011.8,4.0,58.5,Urban,68635,11,5.6837,4.1919,0.767,18.522385263157894,73.84966631578948,Pune,,,,0.7629,WARNING,False
2026-01-21 20:47:51,2599.2,Safari Storme EX,91.6,1607.2,24.1,42.3,85.9224,40.6264,14.2193,0.742,0,0,0.0,6.129,0.0,Aggressive,26.3028,Drizzle,Drizzle,79.2,6.3848,81.5053,1011.8,4.0,58.5,Urban,68635,11,5.6837,4.1919,0.767,18.51537,73.853751,Pune,,,,0.7629,WARNING,False
2026-01-21 20:47:53,2601.6,Safari Storme EX,92.1,1698.47,22.7,43.9,60.2846,36.4101,14.1736,0.7339,0,0,0.0,6.057,0.0,Smooth,26.2977,Drizzle,Drizzle,79.2,6.4103,81.504,1011.8,4.0,58.5,Urban,68635,11,5.6837,4.1918,0.767,18.517947368421055,73.84157263157894,Pune,,,,0.7629,WARNING,False
2026-01-21 20:47:56,2604.0,Safari Storme EX,91.5,1649.32,24.8,47.8,96.7921,54.363,14.1912,0.7411,0,0,0.0,6.181,0.0,Aggressive,26.2989,Drizzle,Drizzle,79.2,6.3769,81.5037,1011.8,4.0,58.5,Urban,68635,11,5.6837,4.1918,0.767,18.52194128440367,73.84687064220184,Pune,,,,0.7629,WARNING,False
2026-01-21 20:47:58,2606.4,Safari Storme EX,91.6,1501.95,26.2,40.6,98.3961,25.0025,14.1275,0.7286,0,0,0.0,4.368,0.0,Aggressive,26.2981,Drizzle,Drizzle,79.2,6.3975,81.5019,1011.8,4.0,58.5,Urban,68635,11,5.6837,4.1918,0.767,18.512714563106798,73.85034368932038,Pune,,,,0.7629,WARNING,False
2026-01-21 20:48:00,2608.8,Safari Storme EX,91.8,1657.43,23.0,42.7,59.2038,40.5187,14.1072,0.7325,0,0,0.0,1.419,0.0,Smooth,26.2863,Drizzle,Drizzle,79.2,6.4056,81.5069,1011.8,4.0,58.5,Urban,68635,11,5.6836,4.1918,0.767,18.523298130841123,73.84678037383178,Pune,,,,0.7629,WARNING,False
2026-01-21 20:48:03,2611.2,Safari Storme EX,92.0,1600.41,31.2,42.3,90.9791,2.6784,14.2079,0.742,0,0,0.0,3.447,0.0,Aggressive,26.2956,Drizzle,Drizzle,79.2,6.3801,81.4991,1011.8,4.0,58.5,Urban,68635,11,5.6836,4.1918,0.767,18.52761,73.848783,Pune,,,,0.7629,WARNING,False
2026-01-21 20:48:05,2613.6,Safari Storme EX,91.2,1431.59,24.3,41.5,54.7432,33.7766,14.2342,0.7388,0,0,0.0,3.176,0.0,Smooth,26.3144,Drizzle,Drizzle,79.2,6.4062,81.4969,1011.8,4.0,58.5,Urban,68635,11,5.6836,4.1918,0.767,18.52513142857143,73.85154571428572,Pune,,,,0.7629,WARNING,False
2026-01-21 20:48:08,2616.0,Safari Storme EX,91.9,1408.48,20.8,43.7,81.9266,49.654,14.1543,0.7253,0,0,0.0,3.936,0.0,Aggressive,26.3029,Drizzle,Drizzle,79.2,6.3878,81.5059,1011.8,4.0,58.5,Urban,68635,11,5.6836,4.1918,0.7671,18.519265934065935,73.84926043956044,Pune,,,,0.7631,WARNING,False
2026-01-21 20:48:10,2618.4,Safari Storme EX,91.8,1517.29,27.3,44.6,97.6444,-0.4943,14.2073,0.7338,0,0,0.0,4.042,0.0,Aggressive,26.3036,Drizzle,Drizzle,79.2,6.4072,81.4966,1011.8,4.0,58.5,Urban,68635,11,5.6836,4.1918,0.7671,18.527728846153845,73.84843846153846,Pune,,,,0.7631,WARNING,False
2026-01-21 20:48:12,2620.8,Safari Storme EX,91.4,1547.6,28.0,44.7,80.2082,45.1068,14.1254,0.7296,0,0,0.0,3.942,0.0,Aggressive,26.3056,Drizzle,Drizzle,79.2,6.3967,81.512,1011.8,4.0,58.5,Urban,68635,11,5.6836,4.1918,0.7671,18.52013,73.84008999999999,Pune,,,,0.7631,WARNING,False
2026-01-21 20:48:15,2623.2,Safari Storme EX,92.0,1334.76,20.0,45.6,68.9656,40.9105,14.1892,0.7001,0,0,0.0,3.647,0.0,Smooth,26.3131,Drizzle,Drizzle,79.2,6.4185,81.5147,1011.8,4.0,58.5,Urban,68635,11,5.6836,4.1918,0.7671,18.528726,73.856136,Pune,,,,0.7631,WARNING,False
2026-01-21 20:48:17,2625.6,Safari Storme EX,91.7,1409.09,22.0,40.6,97.3398,39.4547,14.1236,0.7286,0,0,0.0,3.755,0.0,Aggressive,26.2966,Drizzle,Drizzle,79.2,6.4068,81.4932,1011.8,4.0,58.5,Urban,68635,11,5.6835,4.1918,0.7671,18.514415533980582,73.85304660194174,Pune,,,,0.7631,WARNING,False
2026-01-21 20:48:20,2628.0,Safari Storme EX,91.6,1559.64,24.2,43.9,60.2075,36.2229,14.1748,0.7339,0,0,0.0,3.409,0.0,Smooth,26.2916,Drizzle,Drizzle,79.2,6.389,81.4861,1011.8,4.0,58.5,Urban,68635,11,5.6835,4.1918,0.7671,18.517947368421055,73.84157263157894,Pune,,,,0.7631,WARNING,False
2026-01-21 20:48:22,2630.4,Safari Storme EX,91.6,1546.79,24.1,42.7,83.6778,51.2152,14.1786,0.7343,0,0,0.0,2.978,0.0,Aggressive,26.3006,Drizzle,Drizzle,79.2,6.4086,81.5015,1011.8,4.0,58.5,Urban,68635,11,5.6835,4.1918,0.7671,18.518561538461537,73.85341538461539,Pune,,,,0.7631,WARNING,False
2026-01-21 20:48:24,2632.8,Safari Storme EX,91.8,1531.65,24.5,40.3,84.0317,51.4772,14.1813,0.7567,0,0,0.0,1.93,0.0,Aggressive,26.2919,Drizzle,Drizzle,79.2,6.3908,81.4993,1011.8,4.0,58.5,Urban,68635,11,5.6835,4.1917,0.7671,18.520747572815534,73.85030291262136,Pune,,,,0.7631,WARNING,False
2026-01-21 20:48:27,2635.2,Safari Storme EX,91.4,1625.38,23.1,44.4,82.3383,49.0628,14.1976,0.7383,0,0,0.0,1.028,0.0,Aggressive,26.3151,Drizzle,Drizzle,79.2,6.3965,81.487,1011.8,4.0,58.5,Urban,68635,11,5.6835,4.1917,0.7671,18.516474489795918,73.85367551020408,Pune,,,,0.7631,WARNING,False
2026-01-21 20:48:29,2637.6,Safari Storme EX,92.1,1545.64,21.7,40.3,80.4053,47.4025,14.1938,0.7489,0,0,0.0,1.145,0.0,Aggressive,26.3183,Drizzle,Drizzle,79.2,6.3998,81.5017,1011.8,4.0,58.5,Urban,68635,11,5.6835,4.1917,0.7671,18.52518761904762,73.85498,Pune,,,,0.7631,WARNING,False
2026-01-21 20:48:32,2640.0,Safari Storme EX,91.8,1726.82,24.1,45.6,89.0967,50.0486,14.1295,0.7285,0,0,0.0,1.131,0.0,Aggressive,26.3059,Drizzle,Drizzle,79.2,6.3997,81.5069,1011.8,4.0,58.5,Urban,68635,11,5.6834,4.1917,0.7671,18.52550485436893,73.85719611650485,Pune,,,,0.7631,WARNING,False
2026-01-21 20:48:34,2642.4,Safari Storme EX,92.1,1513.1,26.8,41.7,84.2729,50.378,14.2107,0.7325,0,0,0.0,1.884,0.0,Aggressive,26.3164,Drizzle,Drizzle,79.2,6.4019,81.4797,1011.8,4.0,58.5,Urban,68635,11,5.6834,4.1917,0.7671,18.513709090909092,73.85285454545455,Pune,,,,0.7631,WARNING,False
2026-01-21 20:48:36,2644.8,Safari Storme EX,91.4,1569.82,30.6,45.8,90.2687,55.0311,14.1645,0.7299,0,0,0.0,3.52,0.0,Aggressive,26.2962,Drizzle,Drizzle,79.2,6.4067,81.505,1011.8,4.0,58.5,Urban,68635,11,5.6834,4.1917,0.7671,18.51912105263158,73.85452631578947,Pune,,,,0.7631,WARNING,False
2026-01-21 20:48:39,2647.2,Safari Storme EX,91.6,1581.89,24.0,43.7,80.5869,50.7038,14.2053,0.7253,0,0,0.0,3.403,0.0,Aggressive,26.3048,Drizzle,Drizzle,79.2,6.3921,81.5008,1011.8,4.0,58.5,Urban,68635,11,5.6834,4.1917,0.7671,18.519265934065935,73.84926043956044,Pune,,,,0.7631,WARNING,False
2026-01-21 20:48:41,2649.6,Safari Storme EX,92.0,1509.72,23.0,41.4,83.2533,47.3647,14.1377,0.7272,0,0,0.0,3.081,0.0,Aggressive,26.3036,Drizzle,Drizzle,79.2,6.3947,81.5111,1011.8,4.0,58.5,Urban,68635,11,5.6834,4.1917,0.7671,18.519124489795917,73.85081836734693,Pune,,,,0.7631,WARNING,False
2026-01-21 20:48:44,2652.0,Safari Storme EX,91.3,1469.12,22.8,40.3,83.3784,50.2496,14.159,0.7567,0,0,0.0,3.297,0.0,Aggressive,26.2987,Drizzle,Drizzle,79.2,6.4069,81.5104,1011.8,4.0,58.5,Urban,68635,11,5.6834,4.1917,0.7671,18.52016504854369,73.85100194174757,Pune,,,,0.7631,WARNING,False
2026-01-21 20:48:46,2654.4,Safari Storme EX,91.7,1500.38,26.6,45.7,92.8404,47.5325,14.1785,0.734,0,0,0.0,3.277,0.0,Aggressive,26.2986,Drizzle,Drizzle,79.2,6.3943,81.4808,1011.8,4.0,58.5,Urban,68635,11,5.6834,4.1917,0.7671,18.523223157894737,73.85938315789474,Pune,,,,0.7631,WARNING,False
2026-01-21 20:48:48,2656.8,Safari Storme EX,92.0,1640.29,26.7,43.9,72.0032,42.4818,14.1643,0.7339,0,0,0.0,1.908,0.0,Aggressive,26.3039,Drizzle,Drizzle,79.2,6.3838,81.4903,1011.8,4.0,58.5,Urban,68635,11,5.6833,4.1917,0.7671,18.519084210526316,73.85051578947368,Pune,,,,0.7631,WARNING,False
2026-01-21 20:48:51,2659.2,Safari Storme EX,91.8,1258.99,15.4,42.3,26.1825,3.7098,14.2657,0.7204,0,0,0.0,4.593,0.0,Stop-and-Go,26.3056,Drizzle,Drizzle,79.2,6.4167,81.4905,1011.8,4.0,58.5,Urban,68635,11,5.6833,4.1917,0.7671,18.523613,73.854066,Pune,,,,0.7631,WARNING,False
2026-01-21 20:48:53,2661.6,Safari Storme EX,92.0,973.09,14.5,43.1,60.828,29.4503,14.1016,0.7346,0,0,0.0,5.927,0.0,Smooth,26.3082,Drizzle,Drizzle,79.2,6.3996,81.505,1011.8,4.0,58.5,Urban,68635,11,5.6833,4.1917,0.7671,18.515743298969074,73.84907113402062,Pune,,,,0.7631,WARNING,False
2026-01-21 20:48:56,2664.0,Safari Storme EX,92.2,898.39,11.9,42.5,57.0798,36.1341,14.0896,0.7323,0,0,0.0,7.083,0.0,Smooth,26.2933,Drizzle,Drizzle,79.2,6.4004,81.5039,1011.8,4.0,58.5,Urban,68635,11,5.6833,4.1916,0.7671,18.522824999999997,73.84400000000001,Pune,,,,0.7631,WARNING,False
2026-01-21 20:48:58,2666.4,Safari Storme EX,91.5,1534.43,18.0,45.9,84.7612,0.241,14.1613,0.7444,0,0,0.0,5.689,0.0,Aggressive,26.3119,Drizzle,Drizzle,79.2,6.3807,81.4873,1011.8,4.0,58.5,Urban,68635,11,5.6833,4.1916,0.7671,18.522640594059407,73.85356435643564,Pune,,,,0.7631,WARNING,False
2026-01-21 20:49:00,2668.8,Safari Storme EX,92.4,1503.78,24.2,43.9,84.3077,46.3002,14.1621,0.7376,0,0,0.0,4.676,0.0,Aggressive,26.2808,Drizzle,Drizzle,79.2,6.3949,81.4948,1011.8,4.0,58.5,Urban,68635,11,5.6833,4.1916,0.7671,18.526961224489796,73.84915510204083,Pune,,,,0.7631,WARNING,False
2026-01-21 20:49:03,2671.2,Safari Storme EX,91.8,1584.07,26.9,40.1,91.9285,49.6161,14.1695,0.7353,0,0,0.0,6.345,0.0,Aggressive,26.2896,Drizzle,Drizzle,79.2,6.4044,81.4889,1011.8,4.0,58.5,Urban,68635,11,5.6833,4.1916,0.7671,18.5287875,73.8539625,Pune,,,,0.7631,WARNING,False
2026-01-21 20:49:05,2673.6,Safari Storme EX,92.3,1469.12,27.5,46.0,86.7323,50.7151,14.1275,0.7379,0,0,0.0,6.646,0.0,Aggressive,26.297,Drizzle,Drizzle,79.2,6.3952,81.5085,1011.8,4.0,58.5,Urban,68635,11,5.6832,4.1916,0.7671,18.523268571428574,73.85067714285714,Pune,,,,0.7631,WARNING,False
2026-01-21 20:49:08,2676.0,Safari Storme EX,91.1,1731.57,30.8,45.8,88.3717,52.6631,14.1511,0.7367,0,0,0.0,4.796,0.0,Aggressive,26.317,Drizzle,Drizzle,79.2,6.4135,81.4878,1011.8,4.0,58.5,Urban,68635,11,5.6832,4.1916,0.7671,18.516974226804123,73.84737628865979,Pune,,,,0.7631,WARNING,False
2026-01-21 20:49:10,2678.4,Safari Storme EX,92.7,1489.84,28.6,44.9,96.4742,56.3192,14.1391,0.7295,0,0,0.0,2.414,0.0,Aggressive,26.3173,Drizzle,Drizzle,79.2,6.3909,81.5057,1011.8,4.0,58.5,Urban,68635,11,5.6832,4.1916,0.7671,18.51679,73.85115599999999,Pune,,,,0.7631,WARNING,False
2026-01-21 20:49:12,2680.8,Safari Storme EX,92.0,1559.96,24.0,40.1,74.2823,42.5097,14.2335,0.737,0,0,0.0,2.485,0.0,Aggressive,26.3035,Drizzle,Drizzle,79.2,6.4259,81.5021,1011.8,4.0,58.5,Urban,68635,11,5.6832,4.1916,0.7671,18.519682352941178,73.85307450980392,Pune,,,,0.7631,WARNING,False
2026-01-21 20:49:15,2683.2,Safari Storme EX,91.7,1574.15,29.7,40.1,95.4992,24.8212,14.1853,0.7353,0,0,0.0,2.611,0.0,Aggressive,26.3026,Drizzle,Drizzle,79.2,6.4165,81.5086,1011.8,4.0,58.5,Urban,68635,11,5.6832,4.1916,0.7671,18.5270875,73.85046249999999,Pune,,,,0.7631,WARNING,False
2026-01-21 20:49:17,2685.6,Safari Storme EX,91.7,1517.8,28.6,47.8,97.9368,54.1818,14.1459,0.7411,0,0,0.0,2.592,0.0,Aggressive,26.2973,Drizzle,Drizzle,79.2,6.3809,81.5013,1011.8,4.0,58.5,Urban,68635,11,5.6832,4.1916,0.7671,18.52412110091743,73.84436055045872,Pune,,,,0.7631,WARNING,False
2026-01-21 20:49:20,2688.0,Safari Storme EX,92.2,1548.19,28.3,41.1,84.4744,54.8635,14.1211,0.7557,0,0,0.0,2.212,0.0,Aggressive,26.293,Drizzle,Drizzle,79.2,6.4057,81.4999,1011.8,4.0,58.5,Urban,68635,11,5.6831,4.1916,0.7671,18.52143367346939,73.84734387755103,Pune,,,,0.7631,WARNING,False
2026-01-21 20:49:22,2690.4,Safari Storme EX,91.7,1534.2,28.9,40.5,78.6882,49.4845,14.1823,0.7511,0,0,0.0,2.242,0.0,Aggressive,26.2846,Drizzle,Drizzle,79.2,6.4012,81.5108,1011.8,4.0,58.5,Urban,68635,11,5.6831,4.1916,0.7671,18.5198,73.84315154639175,Pune,,,,0.7631,WARNING,False
2026-01-21 20:49:24,2692.8,Safari Storme EX,92.2,1691.9,31.7,43.7,92.2337,32.7917,14.11,0.7391,0,0,0.0,1.367,0.0,Aggressive,26.2968,Drizzle,Drizzle,79.2,6.4053,81.4965,1011.8,4.0,58.5,Urban,68636,11,5.6831,4.1916,0.7671,18.52523137254902,73.85562843137255,Pune,,,,0.7631,WARNING,False
2026-01-21 20:49:27,2695.2,Safari Storme EX,91.3,1602.54,29.7,41.1,88.3987,54.3677,14.1488,0.7557,0,0,0.0,1.367,0.0,Aggressive,26.3107,Drizzle,Drizzle,79.2,6.4089,81.4955,1011.8,4.0,58.5,Urban,68636,11,5.6831,4.1916,0.7671,18.52140918367347,73.84658469387755,Pune,,,,0.7631,WARNING,False
2026-01-21 20:49:29,2697.6,Safari Storme EX,92.2,1701.72,28.0,47.9,80.2197,53.2167,14.154,0.7338,0,0,0.0,1.481,0.0,Aggressive,26.304,Drizzle,Drizzle,79.2,6.4015,81.5083,1011.8,4.0,58.5,Urban,68636,11,5.6831,4.1915,0.7671,18.51915,73.84621603773586,Pune,,,,0.7631,WARNING,False
2026-01-21 20:49:32,2700.0,Safari Storme EX,91.7,1588.82,34.0,45.7,86.9441,6.6908,14.1734,0.734,0,0,0.0,2.405,0.0,Aggressive,26.309,Drizzle,Drizzle,79.2,6.407,81.5062,1011.8,4.0,58.5,Urban,68636,11,5.6831,4.1915,0.7671,18.523374736842104,73.8566547368421,Pune,,,,0.7631,WARNING,False
2026-01-21 20:49:34,2702.4,Safari Storme EX,92.6,1469.83,24.8,42.7,53.8912,39.0265,14.0971,0.7325,0,0,0.0,3.513,0.0,Smooth,26.2743,Drizzle,Drizzle,79.2,6.4081,81.4976,1011.8,4.0,58.5,Urban,68636,11,5.6831,4.1915,0.7671,18.524419626168225,73.84655607476635,Pune,,,,0.7631,WARNING,False
2026-01-21 20:49:36,2704.8,Safari Storme EX,91.8,1678.62,28.5,47.9,79.1975,53.2385,14.1095,0.7338,0,0,0.0,3.331,0.0,Aggressive,26.2809,Drizzle,Drizzle,79.2,6.4075,81.488,1011.8,4.0,58.5,Urban,68636,11,5.683,4.1915,0.7671,18.51915,73.84621603773586,Pune,,,,0.7631,WARNING,False
2026-01-21 20:49:39,2707.2,Safari Storme EX,91.9,1696.55,32.0,45.7,90.1662,20.8925,14.1782,0.734,0,0,0.0,3.6,0.0,Aggressive,26.3003,Drizzle,Drizzle,79.2,6.3807,81.4847,1011.8,4.0,58.5,Urban,68636,11,5.683,4.1915,0.7671,18.523324210526315,73.85756421052632,Pune,,,,0.7631,WARNING,False
2026-01-21 20:49:41,2709.6,Safari Storme EX,91.5,1695.02,33.4,47.1,86.0397,-0.2468,14.1297,0.7623,0,0,0.0,3.853,0.0,Aggressive,26.2965,Drizzle,Drizzle,79.2,6.3838,81.4929,1011.8,4.0,58.5,Urban,68636,11,5.683,4.1915,0.7671,18.524334615384614,73.85564615384615,Pune,,,,0.7631,WARNING,False
2026-01-21 20:49:44,2712.0,Safari Storme EX,91.7,1438.29,20.9,41.0,20.5801,8.8845,14.1521,0.7337,0,0,1.0,5.148,0.0,Smooth,26.2914,Drizzle,Drizzle,79.2,6.4001,81.4724,1011.8,4.0,58.5,Urban,68636,11,5.683,4.1915,0.7671,18.515784615384614,73.85095192307692,Pune,,,,0.7631,WARNING,False
2026-01-21 20:49:46,2714.4,Safari Storme EX,91.3,1639.42,26.5,45.9,94.2842,14.8587,14.0924,0.7353,0,0,0.0,4.943,0.0,Aggressive,26.3014,Drizzle,Drizzle,79.2,6.3965,81.4938,1011.8,4.0,58.5,Urban,68636,11,5.683,4.1915,0.7671,18.52671649484536,73.85017319587628,Pune,,,,0.7631,WARNING,False
2026-01-21 20:49:48,2716.8,Safari Storme EX,92.3,1325.72,19.6,45.7,62.9214,38.2925,14.2563,0.7457,0,0,0.0,6.262,0.0,Smooth,26.2908,Drizzle,Drizzle,79.2,6.4062,81.4949,1011.8,4.0,58.5,Urban,68636,11,5.683,4.1915,0.7671,18.52452,73.84916000000001,Pune,,,,0.7631,WARNING,False
2026-01-21 20:49:51,2719.2,Safari Storme EX,91.6,1499.43,22.2,45.9,89.3357,-0.4602,14.1505,0.7444,0,0,0.0,5.601,0.0,Aggressive,26.3008,Drizzle,Drizzle,79.2,6.3769,81.4943,1011.8,4.0,58.5,Urban,68636,11,5.683,4.1915,0.7671,18.5264900990099,73.85299405940594,Pune,,,,0.7631,WARNING,False
2026-01-21 20:49:53,2721.6,Safari Storme EX,91.4,1548.83,17.5,48.0,69.7413,41.6786,14.208,0.7359,0,0,0.0,3.366,0.0,Smooth,26.2958,Drizzle,Drizzle,79.2,6.3853,81.4956,1011.8,4.0,58.5,Urban,68636,11,5.6829,4.1915,0.7671,18.51563725490196,73.84642058823529,Pune,,,,0.7631,WARNING,False
2026-01-21 20:49:56,2724.0,Safari Storme EX,92.8,1332.97,15.8,46.8,68.386,39.7884,14.2264,0.7426,0,0,0.0,4.202,0.0,Smooth,26.3055,Drizzle,Drizzle,79.2,6.3891,81.5117,1011.8,4.0,58.5,Urban,68636,11,5.6829,4.1915,0.7671,18.515664948453608,73.8503350515464,Pune,,,,0.7631,WARNING,False
2026-01-21 20:49:58,2726.4,Safari Storme EX,92.5,1454.95,19.2,40.8,81.6712,49.2802,14.1239,0.7246,0,0,0.0,2.4,0.0,Aggressive,26.2758,Drizzle,Drizzle,79.2,6.3987,81.4968,1011.8,4.0,58.5,Urban,68636,11,5.6829,4.1915,0.7671,18.522403125,73.851496875,Pune,,,,0.7631,WARNING,False
2026-01-21 20:50:00,2728.8,Safari Storme EX,91.9,1510.42,19.4,46.7,83.6504,49.2473,14.1245,0.7514,0,0,0.0,2.386,0.0,Aggressive,26.2994,Drizzle,Drizzle,79.2,6.3893,81.4944,1011.8,4.0,58.5,Urban,68636,11,5.6829,4.1914,0.7671,18.520753465346534,73.84431287128713,Pune,,,,0.7631,WARNING,False
2026-01-21 20:50:03,2731.2,Safari Storme EX,91.7,1340.27,20.9,41.5,66.8206,40.5619,14.2649,0.7388,0,0,0.0,1.958,0.0,Smooth,26.3074,Drizzle,Drizzle,79.2,6.3808,81.5028,1011.8,4.0,58.5,Urban,68636,11,5.6829,4.1914,0.7671,18.521908571428572,73.84729428571428,Pune,,,,0.7631,WARNING,False
2026-01-21 20:50:05,2733.6,Safari Storme EX,91.7,1394.49,22.5,40.6,89.332,28.736,14.1468,0.7501,0,0,0.0,2.487,0.0,Aggressive,26.3152,Drizzle,Drizzle,79.2,6.3769,81.4963,1011.8,4.0,58.5,Urban,68636,11,5.6829,4.1914,0.7671,18.523320833333333,73.854,Pune,,,,0.7631,WARNING,False
2026-01-21 20:50:08,2736.0,Safari Storme EX,92.0,1616.54,27.1,41.2,90.5749,53.8667,14.1672,0.7419,0,0,0.0,3.237,0.0,Aggressive,26.3034,Drizzle,Drizzle,79.2,6.3869,81.4813,1011.8,4.0,58.5,Urban,68636,11,5.6828,4.1914,0.7671,18.5188,73.8466,Pune,,,,0.7631,WARNING,False
2026-01-21 20:50:10,2738.4,Safari Storme EX,92.2,1654.83,35.3,45.8,84.8443,52.7287,14.1519,0.7367,0,0,0.0,6.421,0.0,Aggressive,26.3047,Drizzle,Drizzle,79.2,6.4049,81.477,1011.8,4.0,58.5,Urban,68636,11,5.6828,4.1914,0.7671,18.517419587628865,73.85383402061856,Pune,,,,0.7631,WARNING,False
2026-01-21 20:50:12,2740.8,Safari Storme EX,91.4,1578.01,27.9,45.6,91.3701,51.7091,14.1764,0.7285,0,0,0.0,5.631,0.0,Aggressive,26.302,Drizzle,Drizzle,79.2,6.3962,81.4994,1011.8,4.0,58.5,Urban,68636,11,5.6828,4.1914,0.7671,18.52550485436893,73.85719611650485,Pune,,,,0.7631,WARNING,False
2026-01-21 20:50:15,2743.2,Safari Storme EX,91.8,1539.77,26.7,44.6,77.6082,47.6538,14.2633,0.7304,0,0,0.0,4.637,0.0,Aggressive,26.2866,Drizzle,Drizzle,79.2,6.3916,81.5006,1011.8,4.0,58.5,Urban,68636,11,5.6828,4.1914,0.7671,18.520094736842104,73.84631052631579,Pune,,,,0.7631,WARNING,False
2026-01-21 20:50:17,2745.6,Safari Storme EX,92.6,1534.19,25.5,41.2,101.1603,58.0896,14.2123,0.7419,0,0,0.0,3.899,0.0,Aggressive,26.3141,Drizzle,Drizzle,79.2,6.3918,81.5065,1011.8,4.0,58.5,Urban,68636,11,5.6828,4.1914,0.7672,18.51164897959184,73.85169387755101,Pune,,,,0.7634,WARNING,False
2026-01-21 20:50:20,2748.0,Safari Storme EX,92.3,1535.7,24.9,42.7,86.3176,51.035,14.1934,0.7343,0,0,0.0,4.208,0.0,Aggressive,26.3018,Drizzle,Drizzle,79.2,6.4062,81.4907,1011.8,4.0,58.5,Urban,68636,11,5.6828,4.1914,0.7672,18.518123076923075,73.85443076923077,Pune,,,,0.7634,WARNING,False
2026-01-21 20:50:22,2750.4,Safari Storme EX,91.5,1569.98,25.0,40.0,93.2684,50.1427,14.2257,0.7473,0,0,0.0,1.281,0.0,Aggressive,26.3159,Drizzle,Drizzle,79.2,6.3844,81.4883,1011.8,4.0,58.5,Urban,68636,11,5.6828,4.1914,0.7672,18.52340769230769,73.85023365384615,Pune,,,,0.7634,WARNING,False
2026-01-21 20:50:24,2752.8,Safari Storme EX,91.4,1608.01,19.7,47.9,60.1889,10.656,14.2334,0.7426,0,0,0.0,2.701,0.0,Smooth,26.3101,Drizzle,Drizzle,79.2,6.4042,81.501,1011.8,4.0,58.5,Urban,68636,11,5.6827,4.1914,0.7672,18.527142708333333,73.85445208333334,Pune,,,,0.7634,WARNING,False
2026-01-21 20:50:27,2755.2,Safari Storme EX,92.0,1480.37,23.4,40.9,75.5436,45.411,14.1833,0.7204,0,0,0.0,2.37,0.0,Aggressive,26.285,Drizzle,Drizzle,79.2,6.3886,81.5047,1011.8,4.0,58.5,Urban,68636,11,5.6827,4.1914,0.7672,18.52018,73.84492,Pune,,,,0.7634,WARNING,False
2026-01-21 20:50:29,2757.6,Safari Storme EX,91.8,1420.94,21.3,43.1,76.7485,46.5532,14.1855,0.7193,0,0,0.0,2.316,0.0,Aggressive,26.3012,Drizzle,Drizzle,79.2,6.4071,81.4853,1011.8,4.0,58.5,Urban,68636,11,5.6827,4.1914,0.7672,18.515969811320755,73.85234245283019,Pune,,,,0.7634,WARNING,False
2026-01-21 20:50:32,2760.0,Safari Storme EX,91.6,1383.24,24.3,44.4,81.9516,52.6399,14.1292,0.7383,0,0,0.0,2.196,0.0,Aggressive,26.292,Drizzle,Drizzle,79.2,6.4088,81.5064,1011.8,4.0,58.5,Urban,68636,11,5.6827,4.1913,0.7672,18.51985408163265,73.85269591836735,Pune,,,,0.7634,WARNING,False
2026-01-21 20:50:34,2762.4,Safari Storme EX,92.3,1502.7,23.2,40.9,85.8695,51.121,14.248,0.7204,0,0,0.0,1.854,0.0,Aggressive,26.3093,Drizzle,Drizzle,79.2,6.4187,81.4946,1011.8,4.0,58.5,Urban,68636,11,5.6827,4.1913,0.7672,18.520957142857142,73.84734285714286,Pune,,,,0.7634,WARNING,False
2026-01-21 20:50:36,2764.8,Safari Storme EX,92.3,1561.49,25.8,43.4,89.8932,54.8914,14.2228,0.7359,0,0,0.0,1.645,0.0,Aggressive,26.301,Drizzle,Drizzle,79.2,6.402,81.4959,1011.8,4.0,58.5,Urban,68636,11,5.6827,4.1913,0.7672,18.525330303030305,73.85050000000001,Pune,,,,0.7634,WARNING,False
2026-01-21 20:50:39,2767.2,Safari Storme EX,92.4,1566.27,23.5,47.2,70.1892,-0.3917,14.2159,0.735,0,0,0.0,1.642,0.0,Aggressive,26.2741,Drizzle,Drizzle,79.2,6.4138,81.5027,1011.8,4.0,58.5,Urban,68636,11,5.6827,4.1913,0.7672,18.520567346938776,73.8500581632653,Pune,,,,0.7634,WARNING,False
2026-01-21 20:50:41,2769.6,Safari Storme EX,91.7,1578.45,26.9,43.3,94.4992,57.2807,14.2052,0.7445,0,0,0.0,1.573,0.0,Aggressive,26.3013,Drizzle,Drizzle,79.2,6.3992,81.4977,1011.8,4.0,58.5,Urban,68636,11,5.6826,4.1913,0.7672,18.520256074766355,73.85663925233645,Pune,,,,0.7634,WARNING,False
2026-01-21 20:50:44,2772.0,Safari Storme EX,91.6,1523.46,24.5,44.7,78.59,45.0382,14.1337,0.7296,0,0,0.0,1.561,0.0,Aggressive,26.3098,Drizzle,Drizzle,79.2,6.4003,81.487,1011.8,4.0,58.5,Urban,68636,11,5.6826,4.1913,0.7672,18.52013,73.84008999999999,Pune,,,,0.7634,WARNING,False
2026-01-21 20:50:46,2774.4,Safari Storme EX,90.8,1526.72,21.6,46.8,70.8869,42.5078,14.1623,0.7426,0,0,0.0,2.053,0.0,Aggressive,26.3063,Drizzle,Drizzle,79.2,6.4002,81.5025,1011.8,4.0,58.5,Urban,68636,11,5.6826,4.1913,0.7672,18.51529381443299,73.84830618556701,Pune,,,,0.7634,WARNING,False
2026-01-21 20:50:48,2776.8,Safari Storme EX,91.8,1509.9,26.0,41.7,87.7223,52.2841,14.1648,0.7325,0,0,0.0,2.087,0.0,Aggressive,26.3207,Drizzle,Drizzle,79.2,6.4042,81.4993,1011.8,4.0,58.5,Urban,68636,11,5.6826,4.1913,0.7672,18.51710303030303,73.84868484848485,Pune,,,,0.7634,WARNING,False
2026-01-21 20:50:51,2779.2,Safari Storme EX,92.4,1447.64,20.4,45.7,65.6497,38.9181,14.2117,0.7457,0,0,0.0,2.798,0.0,Smooth,26.3033,Drizzle,Drizzle,79.2,6.3988,81.5231,1011.8,4.0,58.5,Urban,68636,11,5.6826,4.1913,0.7672,18.526056,73.851608,Pune,,,,0.7634,WARNING,False
2026-01-21 20:50:53,2781.6,Safari Storme EX,92.5,1740.8,28.0,45.8,85.094,51.8894,14.1672,0.7367,0,0,0.0,3.119,0.0,Aggressive,26.2866,Drizzle,Drizzle,79.2,6.4098,81.4905,1011.8,4.0,58.5,Urban,68636,11,5.6826,4.1913,0.7672,18.517419587628865,73.85383402061856,Pune,,,,0.7634,WARNING,False
2026-01-21 20:50:56,2784.0,Safari Storme EX,91.8,1596.15,26.1,43.4,94.6509,56.0748,14.1968,0.7359,0,0,0.0,3.25,0.0,Aggressive,26.2814,Drizzle,Drizzle,79.2,6.401,81.5167,1011.8,4.0,58.5,Urban,68636,11,5.6825,4.1913,0.7672,18.524433333333334,73.85130000000001,Pune,,,,0.7634,WARNING,False
2026-01-21 20:50:58,2786.4,Safari Storme EX,91.1,1673.65,29.7,47.1,82.0552,-0.6463,14.185,0.7623,0,0,0.0,3.502,0.0,Aggressive,26.2987,Drizzle,Drizzle,79.2,6.3973,81.5079,1011.8,4.0,58.5,Urban,68636,11,5.6825,4.1913,0.7672,18.52994230769231,73.85232307692307,Pune,,,,0.7634,WARNING,False
2026-01-21 20:51:00,2788.8,Safari Storme EX,92.5,1567.93,34.5,40.1,98.3364,10.1935,14.1397,0.7353,0,0,0.0,5.152,0.0,Aggressive,26.299,Drizzle,Drizzle,79.2,6.397,81.4825,1011.8,4.0,58.5,Urban,68636,11,5.6825,4.1913,0.7672,18.5262375,73.84871249999999,Pune,,,,0.7634,WARNING,False
2026-01-21 20:51:03,2791.2,Safari Storme EX,92.1,1451.48,24.5,47.0,64.25,0.1345,14.1655,0.7399,0,0,0.0,3.855,0.0,Smooth,26.2993,Drizzle,Drizzle,79.2,6.4082,81.4875,1011.8,4.0,58.5,Urban,68636,11,5.6825,4.1913,0.7672,18.524745544554456,73.84637128712872,Pune,,,,0.7634,WARNING,False
2026-01-21 20:51:05,2793.6,Safari Storme EX,91.7,1528.73,28.6,44.2,88.2149,32.0679,14.1215,0.7566,0,0,0.0,3.842,0.0,Aggressive,26.308,Drizzle,Drizzle,79.2,6.3995,81.496,1011.8,4.0,58.5,Urban,68636,11,5.6825,4.1912,0.7672,18.52056,73.84928,Pune,,,,0.7634,WARNING,False
2026-01-21 20:51:08,2796.0,Safari Storme EX,91.5,1700.77,30.0,44.6,94.9073,0.0124,14.152,0.7338,0,0,0.0,3.574,0.0,Aggressive,26.3104,Drizzle,Drizzle,79.2,6.3814,81.4936,1011.8,4.0,58.5,Urban,68636,11,5.6825,4.1912,0.7672,18.528675,73.8489,Pune,,,,0.7634,WARNING,False
2026-01-21 20:51:10,2798.4,Safari Storme EX,92.1,1426.88,27.2,43.9,67.7219,39.5458,14.1957,0.7339,0,0,0.0,3.704,0.0,Smooth,26.3082,Drizzle,Drizzle,79.2,6.4011,81.511,1011.8,4.0,58.5,Urban,68636,11,5.6825,4.1912,0.7672,18.518705263157894,73.8475347368421,Pune,,,,0.7634,WARNING,False
2026-01-21 20:51:12,2800.8,Safari Storme EX,92.0,1518.86,28.1,46.0,83.5203,51.8027,14.1141,0.7379,0,0,0.0,2.046,0.0,Aggressive,26.3089,Drizzle,Drizzle,79.2,6.387,81.4973,1011.8,4.0,58.5,Urban,68636,11,5.6824,4.1912,0.7672,18.519017142857145,73.85129428571429,Pune,,,,0.7634,WARNING,False
2026-01-21 20:51:15,2803.2,Safari Storme EX,91.8,1643.52,26.7,44.2,70.6424,42.9901,14.1059,0.7255,0,0,0.0,1.287,0.0,Aggressive,26.3049,Drizzle,Drizzle,79.2,6.385,81.5113,1011.8,4.0,58.5,Urban,68636,11,5.6824,4.1912,0.7672,18.519401923076924,73.84338269230769,Pune,,,,0.7634,WARNING,False
2026-01-21 20:51:17,2805.6,Safari Storme EX,91.9,1447.84,25.0,40.3,79.5524,46.0751,14.1626,0.7489,0,0,0.0,1.84,0.0,Aggressive,26.2959,Drizzle,Drizzle,79.2,6.3991,81.5113,1011.8,4.0,58.5,Urban,68636,11,5.6824,4.1912,0.7672,18.52518761904762,73.85498,Pune,,,,0.7634,WARNING,False
2026-01-21 20:51:20,2808.0,Safari Storme EX,91.8,1702.9,27.9,40.6,95.6023,36.6536,14.095,0.7286,0,0,0.0,1.24,0.0,Aggressive,26.2809,Drizzle,Drizzle,79.2,6.4064,81.502,1011.8,4.0,58.5,Urban,68636,11,5.6824,4.1912,0.7672,18.514415533980582,73.85304660194174,Pune,,,,0.7634,WARNING,False
2026-01-21 20:51:22,2810.4,Safari Storme EX,91.8,1541.4,32.0,47.6,87.5233,5.8953,14.2402,0.7499,0,0,0.0,2.583,0.0,Aggressive,26.3139,Drizzle,Drizzle,79.2,6.3822,81.509,1011.8,4.0,58.5,Urban,68636,11,5.6824,4.1912,0.7672,18.51735918367347,73.84794897959183,Pune,,,,0.7634,WARNING,False
2026-01-21 20:51:24,2812.8,Safari Storme EX,92.3,1499.36,22.5,46.8,66.9585,38.5599,14.1938,0.7426,0,0,0.0,3.535,0.0,Smooth,26.3047,Drizzle,Drizzle,79.2,6.3974,81.4965,1011.8,4.0,58.5,Urban,68636,11,5.6824,4.1912,0.7672,18.516407216494844,73.85439278350516,Pune,,,,0.7634,WARNING,False
2026-01-21 20:51:27,2815.2,Safari Storme EX,91.7,978.07,13.2,41.0,17.0233,4.492,14.2043,0.7337,0,0,0.0,7.054,0.0,Stop-and-Go,26.2841,Drizzle,Drizzle,79.2,6.3924,81.4862,1011.8,4.0,58.5,Urban,68636,11,5.6824,4.1912,0.7672,18.5168,73.84977500000001,Pune,,,,0.7634,WARNING,False
2026-01-21 20:51:29,2817.6,Safari Storme EX,92.1,1297.44,18.8,40.3,83.2496,50.4497,14.1976,0.7567,0,0,0.0,7.397,0.0,Aggressive,26.3161,Drizzle,Drizzle,79.2,6.4027,81.5121,1011.8,4.0,58.5,Urban,68636,11,5.6823,4.1912,0.7672,18.519582524271843,73.8517009708738,Pune,,,,0.7634,WARNING,False
2026-01-21 20:51:32,2820.0,Safari Storme EX,91.3,1649.72,22.2,40.9,76.9426,45.6855,14.157,0.7204,0,0,0.0,6.849,0.0,Aggressive,26.2864,Drizzle,Drizzle,79.2,6.3952,81.5097,1011.8,4.0,58.5,Urban,68636,11,5.6823,4.1912,0.7672,18.52018,73.84492,Pune,,,,0.7634,WARNING,False
2026-01-21 20:51:34,2822.4,Safari Storme EX,92.8,965.82,0.3,44.2,71.1204,45.1411,14.1433,0.7255,0,0,1.0,9.234,0.0,Stop-and-Go,26.29,Drizzle,Drizzle,79.2,6.398,81.5003,1011.8,4.0,58.5,Urban,68636,11,5.6823,4.1912,0.7672,18.519401923076924,73.84338269230769,Pune,,,,0.7634,WARNING,False
2026-01-21 20:51:36,2824.8,Safari Storme EX,91.5,803.64,6.1,44.2,89.7802,46.3735,14.166,0.7566,0,0,0.0,8.991,0.0,Aggressive,26.2933,Drizzle,Drizzle,79.2,6.403,81.4821,1011.8,4.0,58.5,Urban,68636,11,5.6823,4.1911,0.7672,18.521954285714287,73.84992,Pune,,,,0.7634,WARNING,False
2026-01-21 20:51:39,2827.2,Safari Storme EX,91.7,968.26,9.2,44.3,26.764,18.7186,14.1918,0.7146,0,0,0.0,9.049,0.0,Stop-and-Go,26.2932,Drizzle,Drizzle,79.2,6.4223,81.4926,1011.8,4.0,58.5,Urban,68636,11,5.6823,4.1911,0.7672,18.51395,73.8527,Pune,,,,0.7634,WARNING,False
2026-01-21 20:51:41,2829.6,Safari Storme EX,91.3,980.05,11.1,45.8,89.6832,55.5528,14.1002,0.7299,0,0,0.0,8.058,0.0,Aggressive,26.2929,Drizzle,Drizzle,79.2,6.4058,81.481,1011.8,4.0,58.5,Urban,68636,11,5.6823,4.1911,0.7672,18.51912105263158,73.85452631578947,Pune,,,,0.7634,WARNING,False
2026-01-21 20:51:44,2832.0,Safari Storme EX,91.4,967.57,11.8,42.5,58.9664,35.2126,14.1471,0.7323,0,0,0.0,4.689,0.0,Smooth,26.2992,Drizzle,Drizzle,79.2,6.3938,81.4971,1011.8,4.0,58.5,Urban,68636,11,5.6822,4.1911,0.7672,18.522824999999997,73.84400000000001,Pune,,,,0.7634,WARNING,False
2026-01-21 20:51:46,2834.4,Safari Storme EX,92.1,750.0,3.0,44.9,64.4795,22.5581,14.2592,0.7459,0,0,0.0,3.668,0.0,Smooth,26.2997,Drizzle,Drizzle,79.2,6.3997,81.5005,1011.8,4.0,58.5,Urban,68636,11,5.6822,4.1911,0.7672,18.525128,73.846988,Pune,,,,0.7634,WARNING,False
2026-01-21 20:51:48,2836.8,Safari Storme EX,92.3,1048.35,3.6,40.6,89.1652,28.2189,14.1858,0.7501,0,0,0.0,4.169,0.0,Aggressive,26.3049,Drizzle,Drizzle,79.2,6.3899,81.4997,1011.8,4.0,58.5,Urban,68636,11,5.6822,4.1911,0.7672,18.523320833333333,73.854,Pune,,,,0.7634,WARNING,False
2026-01-21 20:51:51,2839.2,Safari Storme EX,92.8,848.59,0.0,43.1,73.2362,44.7497,14.18,0.7193,0,0,0.0,5.253,0.1,Stop-and-Go,26.3038,Drizzle,Drizzle,79.2,6.4144,81.4938,1011.8,4.0,58.5,Urban,68636,11,5.6822,4.1911,0.7672,18.516467924528303,73.84946698113207,Pune,,,,0.7634,WARNING,False
2026-01-21 20:51:53,2841.6,Safari Storme EX,91.5,760.69,0.0,44.0,67.7355,25.7507,14.1206,0.7403,0,0,0.0,4.834,0.2,Stop-and-Go,26.3109,Drizzle,Drizzle,79.2,6.4131,81.4943,1011.8,4.0,58.5,Urban,68636,11,5.6822,4.1911,0.7672,18.524365957446808,73.84657234042554,Pune,,,,0.7634,WARNING,False
2026-01-21 20:51:56,2844.0,Safari Storme EX,91.3,750.0,0.8,46.0,79.1839,49.5343,14.1514,0.7379,0,0,0.0,1.706,0.2,Stop-and-Go,26.3012,Drizzle,Drizzle,79.2,6.4053,81.5022,1011.8,4.0,58.5,Urban,68636,11,5.6822,4.1911,0.7672,18.510514285714287,73.85252857142858,Pune,,,,0.7634,WARNING,False
2026-01-21 20:51:58,2846.4,Safari Storme EX,92.3,756.94,0.9,44.3,25.5014,16.1037,14.2313,0.7146,0,0,0.0,1.483,0.2,Stop-and-Go,26.2915,Drizzle,Drizzle,79.2,6.3899,81.4838,1011.8,4.0,58.5,Urban,68636,11,5.6822,4.1911,0.7672,18.51455,73.8515,Pune,,,,0.7634,WARNING,False
2026-01-21 20:52:00,2848.8,Safari Storme EX,91.7,804.75,0.0,41.4,80.4993,47.6178,14.1932,0.7272,0,0,0.0,0.467,0.3,Stop-and-Go,26.2958,Drizzle,Drizzle,79.2,6.406,81.5119,1011.8,4.0,58.5,Urban,68636,11,5.6821,4.1911,0.7672,18.524340816326532,73.85383061224489,Pune,,,,0.7634,WARNING,False
2026-01-21 20:52:03,2851.2,Safari Storme EX,92.3,793.67,0.0,48.0,83.0726,54.9131,14.1249,0.7359,0,0,0.0,0.467,0.4,Stop-and-Go,26.305,Drizzle,Drizzle,79.2,6.4041,81.485,1011.8,4.0,58.5,Urban,68636,11,5.6821,4.1911,0.7672,18.527872549019605,73.84105588235293,Pune,,,,0.7634,WARNING,False
2026-01-21 20:52:05,2853.6,Safari Storme EX,92.1,888.77,0.0,46.1,35.8017,-0.4262,14.2015,0.7431,0,0,0.0,0.467,0.5,Stop-and-Go,26.3014,Drizzle,Drizzle,79.2,6.3963,81.4855,1011.8,4.0,58.5,Urban,68636,11,5.6821,4.1911,0.7672,18.524965625,73.84955000000001,Pune,,,,0.7634,WARNING,False
2026-01-21 20:52:08,2856.0,Safari Storme EX,91.4,750.0,0.8,45.9,93.5382,-0.0002,14.1019,0.7444,0,0,0.0,0.467,0.5,Stop-and-Go,26.3057,Drizzle,Drizzle,79.2,6.3911,81.4934,1011.8,4.0,58.5,Urban,68636,11,5.6821,4.191,0.7672,18.530339603960396,73.85242376237625,Pune,,,,0.7634,WARNING,False
2026-01-21 20:52:10,2858.4,Safari Storme EX,92.0,857.39,0.0,45.7,60.7768,35.8522,14.2613,0.7457,0,0,0.0,0.358,0.6,Stop-and-Go,26.2994,Drizzle,Drizzle,79.2,6.4016,81.4982,1011.8,4.0,58.5,Urban,68636,11,5.6821,4.191,0.7672,18.522984,73.84671200000001,Pune,,,,0.7634,WARNING,False
2026-01-21 20:52:12,2860.8,Safari Storme EX,91.9,956.83,0.0,45.6,79.4438,42.3693,14.1664,0.7119,0,0,0.0,0.358,0.7,Stop-and-Go,26.2966,Drizzle,Drizzle,79.2,6.3991,81.5141,1011.8,4.0,58.5,Urban,68636,11,5.6821,4.191,0.7672,18.525409708737865,73.84289805825243,Pune,,,,0.7634,WARNING,False
2026-01-21 20:52:15,2863.2,Safari Storme EX,91.5,820.48,3.0,41.0,23.781,13.1438,14.1903,0.7337,0,0,0.0,1.299,0.6,Stop-and-Go,26.2974,Drizzle,Drizzle,79.2,6.4067,81.5051,1011.8,4.0,58.5,Urban,68636,11,5.6821,4.191,0.7672,18.514769230769232,73.85212884615385,Pune,,,,0.7634,WARNING,False
2026-01-21 20:52:17,2865.6,Safari Storme EX,91.7,899.63,1.6,43.9,89.9796,22.1155,14.1206,0.7376,0,0,0.0,1.262,0.5,Stop-and-Go,26.2865,Drizzle,Drizzle,79.2,6.4134,81.5031,1011.8,4.0,58.5,Urban,68636,11,5.682,4.191,0.7672,18.52745102040816,73.84959591836734,Pune,,,,0.7634,WARNING,False
2026-01-21 20:52:20,2868.0,Safari Storme EX,92.2,798.68,0.4,41.1,22.7125,16.9855,14.1375,0.7301,0,0,0.0,1.296,0.5,Stop-and-Go,26.2841,Drizzle,Drizzle,79.2,6.379,81.4934,1011.8,4.0,58.5,Urban,68636,11,5.682,4.191,0.7672,18.51797,73.850168,Pune,,,,0.7634,WARNING,False
2026-01-21 20:52:22,2870.4,Safari Storme EX,91.6,807.55,1.3,45.7,89.5548,18.0125,14.2764,0.734,0,0,0.0,1.17,0.5,Stop-and-Go,26.303,Drizzle,Drizzle,79.2,6.3972,81.4992,1011.8,4.0,58.5,Urban,68636,11,5.682,4.191,0.7672,18.523324210526315,73.85756421052632,Pune,,,,0.7634,WARNING,False
2026-01-21 20:52:24,2872.8,Safari Storme EX,91.5,778.59,1.0,40.3,81.642,47.8847,14.1399,0.7489,0,0,0.0,0.969,0.4,Stop-and-Go,26.3043,Drizzle,Drizzle,79.2,6.402,81.5036,1011.8,4.0,58.5,Urban,68636,11,5.682,4.191,0.7673,18.52518761904762,73.85498,Pune,,,,0.7637,WARNING,False
2026-01-21 20:52:27,2875.2,Safari Storme EX,90.8,912.25,4.1,43.1,77.5672,47.1415,14.2147,0.7193,0,0,0.0,1.424,0.3,Aggressive,26.2918,Drizzle,Drizzle,79.2,6.3947,81.5032,1011.8,4.0,58.5,Urban,68636,11,5.682,4.191,0.7673,18.515969811320755,73.85234245283019,Pune,,,,0.7637,WARNING,False
2026-01-21 20:52:29,2877.6,Safari Storme EX,91.6,949.56,7.6,45.6,67.467,12.3213,14.2139,0.7001,0,0,0.0,2.998,0.2,Smooth,26.3087,Drizzle,Drizzle,79.2,6.3996,81.4959,1011.8,4.0,58.5,Urban,68636,11,5.682,4.191,0.7673,18.518862,73.850232,Pune,,,,0.7637,WARNING,False
2026-01-21 20:52:32,2880.0,Safari Storme EX,92.3,855.87,9.0,45.9,87.9174,2.3821,14.1887,0.7444,0,0,0.0,3.621,0.2,Aggressive,26.302,Drizzle,Drizzle,79.2,6.4092,81.5059,1011.8,4.0,58.5,Urban,68636,11,5.6819,4.191,0.7673,18.524565346534654,73.85327920792079,Pune,,,,0.7637,WARNING,False
2026-01-21 20:52:34,2882.4,Safari Storme EX,91.7,1019.18,12.5,43.3,95.0709,56.8214,14.2493,0.7445,0,0,0.0,4.441,0.1,Aggressive,26.3024,Drizzle,Drizzle,79.2,6.3951,81.5146,1011.8,4.0,58.5,Urban,68636,11,5.6819,4.191,0.7673,18.521377570093456,73.85502429906542,Pune,,,,0.7637,WARNING,False
2026-01-21 20:52:36,2884.8,Safari Storme EX,92.5,1524.68,17.3,43.1,70.835,41.9141,14.1964,0.7193,0,0,0.0,5.026,0.0,Aggressive,26.2881,Drizzle,Drizzle,79.2,6.4017,81.4984,1011.8,4.0,58.5,Urban,68636,11,5.6819,4.191,0.7673,18.51696603773585,73.84659150943396,Pune,,,,0.7637,WARNING,False
2026-01-21 20:52:39,2887.2,Safari Storme EX,92.1,1522.56,17.4,41.2,92.6168,54.524,14.2027,0.7419,0,0,0.0,4.554,0.0,Aggressive,26.2813,Drizzle,Drizzle,79.2,6.3997,81.53,1011.8,4.0,58.5,Urban,68636,11,5.6819,4.1909,0.7673,18.51701224489796,73.84787346938775,Pune,,,,0.7637,WARNING,False
2026-01-21 20:52:41,2889.6,Safari Storme EX,92.4,1382.14,21.5,46.1,46.2956,-0.3656,14.24,0.7431,0,0,0.0,4.85,0.0,Smooth,26.3203,Drizzle,Drizzle,79.2,6.4205,81.5207,1011.8,4.0,58.5,Urban,68636,11,5.6819,4.1909,0.7673,18.524740625,73.84835000000001,Pune,,,,0.7637,WARNING,False
2026-01-21 20:52:44,2892.0,Safari Storme EX,91.9,988.52,0.0,44.1,81.2297,42.2386,14.2387,0.7481,0,0,1.0,8.316,0.1,Stop-and-Go,26.3077,Drizzle,Drizzle,79.2,6.4202,81.4884,1011.8,4.0,58.5,Urban,68636,11,5.6819,4.1909,0.7673,18.521566990291262,73.84414466019417,Pune,,,,0.7637,WARNING,False
2026-01-21 20:52:46,2894.4,Safari Storme EX,92.2,780.56,1.1,47.2,68.9109,0.9892,14.1533,0.735,0,0,0.0,10.11,0.1,Stop-and-Go,26.2908,Drizzle,Drizzle,79.2,6.3886,81.5084,1011.8,4.0,58.5,Urban,68636,11,5.6819,4.1909,0.7673,18.520518367346938,73.84827040816326,Pune,,,,0.7637,WARNING,False
2026-01-21 20:52:48,2896.8,Safari Storme EX,92.5,750.0,2.7,42.5,60.2068,0.3189,14.0935,0.7595,0,0,0.0,10.11,0.1,Stop-and-Go,26.2882,Drizzle,Drizzle,79.2,6.4128,81.4837,1011.8,4.0,58.5,Urban,68636,11,5.6818,4.1909,0.7673,18.513833333333334,73.8492137254902,Pune,,,,0.7637,WARNING,False
2026-01-21 20:52:51,2899.2,Safari Storme EX,91.8,1029.55,11.2,47.8,99.7397,56.3133,14.1704,0.7411,0,0,0.0,9.079,0.1,Aggressive,26.2939,Drizzle,Drizzle,79.2,6.392,81.4982,1011.8,4.0,58.5,Urban,68636,11,5.6818,4.1909,0.7673,18.526300917431193,73.8418504587156,Pune,,,,0.7637,WARNING,False
2026-01-21 20:52:53,2901.6,Safari Storme EX,92.0,874.72,9.2,44.6,65.103,37.9132,14.2495,0.7304,0,0,0.0,5.036,0.1,Smooth,26.3115,Drizzle,Drizzle,79.2,6.3892,81.5003,1011.8,4.0,58.5,Urban,68636,11,5.6818,4.1909,0.7673,18.522924210526316,73.84929157894737,Pune,,,,0.7637,WARNING,False
2026-01-21 20:52:56,2904.0,Safari Storme EX,91.5,882.6,0.0,44.6,96.2704,0.3106,14.2377,0.7338,0,0,0.0,5.036,0.2,Stop-and-Go,26.3086,Drizzle,Drizzle,79.2,6.4094,81.4973,1011.8,4.0,58.5,Urban,68636,11,5.6818,4.1909,0.7673,18.528675,73.8489,Pune,,,,0.7637,WARNING,False
2026-01-21 20:52:58,2906.4,Safari Storme EX,92.1,834.92,2.8,44.9,95.2888,56.3674,14.137,0.7295,0,0,0.0,4.771,0.2,Stop-and-Go,26.2912,Drizzle,Drizzle,79.2,6.4114,81.5021,1011.8,4.0,58.5,Urban,68636,11,5.6818,4.1909,0.7673,18.51679,73.85115599999999,Pune,,,,0.7637,WARNING,False
2026-01-21 20:53:00,2908.8,Safari Storme EX,91.2,818.91,1.3,43.3,69.3388,18.9283,14.193,0.7339,0,0,0.0,4.989,0.2,Stop-and-Go,26.3001,Drizzle,Drizzle,79.2,6.3985,81.5044,1011.8,4.0,58.5,Urban,68636,11,5.6818,4.1909,0.7673,18.525088235294117,73.83963529411764,Pune,,,,0.7637,WARNING,False
2026-01-21 20:53:03,2911.2,Safari Storme EX,91.7,821.79,0.0,46.0,86.4342,51.3448,14.1079,0.7379,0,0,0.0,3.834,0.3,Stop-and-Go,26.3038,Drizzle,Drizzle,79.2,6.405,81.4794,1011.8,4.0,58.5,Urban,68636,11,5.6817,4.1909,0.7673,18.523268571428574,73.85067714285714,Pune,,,,0.7637,WARNING,False
2026-01-21 20:53:05,2913.6,Safari Storme EX,91.7,797.77,0.0,47.2,69.3187,1.247,14.1492,0.735,0,0,0.0,1.242,0.4,Stop-and-Go,26.3018,Drizzle,Drizzle,79.2,6.3966,81.4923,1011.8,4.0,58.5,Urban,68636,11,5.6817,4.1909,0.7673,18.52061632653061,73.85184591836735,Pune,,,,0.7637,WARNING,False
2026-01-21 20:53:08,2916.0,Safari Storme EX,92.4,802.76,0.0,47.8,97.2235,54.7158,14.1903,0.7411,0,0,0.0,1.242,0.4,Stop-and-Go,26.303,Drizzle,Drizzle,79.2,6.3984,81.5083,1011.8,4.0,58.5,Urban,68636,11,5.6817,4.1909,0.7673,18.52412110091743,73.84436055045872,Pune,,,,0.7637,WARNING,False
2026-01-21 20:53:10,2918.4,Safari Storme EX,91.7,882.14,0.0,43.9,85.9632,46.3295,14.1614,0.7376,0,0,0.0,0.581,0.5,Stop-and-Go,26.2926,Drizzle,Drizzle,79.2,6.4079,81.5115,1011.8,4.0,58.5,Urban,68636,11,5.6817,4.1909,0.7673,18.526961224489796,73.84915510204083,Pune,,,,0.7637,WARNING,False
2026-01-21 20:53:12,2920.8,Safari Storme EX,91.7,750.0,0.4,42.5,56.0218,36.7714,14.0947,0.7323,0,0,0.0,0.179,0.5,Stop-and-Go,26.2931,Drizzle,Drizzle,79.2,6.408,81.5085,1011.8,4.0,58.5,Urban,68636,11,5.6817,4.1908,0.7673,18.523574999999997,73.845,Pune,,,,0.7637,WARNING,False
2026-01-21 20:53:15,2923.2,Safari Storme EX,91.8,888.58,2.8,44.2,71.8941,43.5817,14.1492,0.7255,0,0,0.0,1.22,0.5,Stop-and-Go,26.2919,Drizzle,Drizzle,79.2,6.3782,81.5041,1011.8,4.0,58.5,Urban,68636,11,5.6817,4.1908,0.7673,18.519401923076924,73.84338269230769,Pune,,,,0.7637,WARNING,False
2026-01-21 20:53:17,2925.6,Safari Storme EX,91.6,819.61,0.0,43.9,93.0757,10.7774,14.123,0.7376,0,0,0.0,1.22,0.6,Stop-and-Go,26.2846,Drizzle,Drizzle,79.2,6.4105,81.5134,1011.8,4.0,58.5,Urban,68636,11,5.6817,4.1908,0.7673,18.527695918367346,73.84981632653061,Pune,,,,0.7637,WARNING,False
2026-01-21 20:53:20,2928.0,Safari Storme EX,91.7,937.56,0.0,41.0,20.86,10.877,14.2209,0.7337,0,0,0.0,1.22,0.6,Stop-and-Go,26.2998,Drizzle,Drizzle,79.2,6.3863,81.4977,1011.8,4.0,58.5,Urban,68636,11,5.6816,4.1908,0.7673,18.515784615384614,73.85095192307692,Pune,,,,0.7637,WARNING,False
2026-01-21 20:53:22,2930.4,Safari Storme EX,92.1,843.39,0.0,46.7,87.982,53.6901,14.0924,0.7514,0,0,0.0,1.22,0.7,Stop-and-Go,26.2984,Drizzle,Drizzle,79.2,6.4075,81.5034,1011.8,4.0,58.5,Urban,68636,11,5.6816,4.1908,0.7673,18.522630693069306,73.84374257425742,Pune,,,,0.7637,WARNING,False
2026-01-21 20:53:24,2932.8,Safari Storme EX,92.2,795.08,0.7,45.9,85.9994,-0.4252,14.1885,0.7444,0,0,0.0,1.212,0.7,Stop-and-Go,26.2993,Drizzle,Drizzle,79.2,6.4033,81.5038,1011.8,4.0,58.5,Urban,68636,11,5.6816,4.1908,0.7673,18.522640594059407,73.85356435643564,Pune,,,,0.7637,WARNING,False
2026-01-21 20:53:27,2935.2,Safari Storme EX,92.3,880.49,5.0,45.9,86.985,-1.4947,14.1312,0.7444,0,0,0.0,2.179,0.6,Aggressive,26.3084,Drizzle,Drizzle,79.2,6.399,81.5018,1011.8,4.0,58.5,Urban,68636,11,5.6816,4.1908,0.7673,18.522640594059407,73.85356435643564,Pune,,,,0.7637,WARNING,False
2026-01-21 20:53:29,2937.6,Safari Storme EX,91.8,953.65,9.9,48.0,75.3964,46.7635,14.1596,0.7359,0,0,0.0,4.325,0.5,Aggressive,26.3085,Drizzle,Drizzle,79.2,6.4138,81.488,1011.8,4.0,58.5,Urban,68636,11,5.6816,4.1908,0.7673,18.521754901960783,73.84373823529411,Pune,,,,0.7637,WARNING,False
2026-01-21 20:53:32,2940.0,Safari Storme EX,93.0,841.02,10.9,44.2,88.434,55.6172,14.0927,0.7255,0,0,0.0,5.046,0.4,Aggressive,26.2955,Drizzle,Drizzle,79.2,6.4121,81.491,1011.8,4.0,58.5,Urban,68636,11,5.6816,4.1908,0.7673,18.517832692307692,73.85270576923078,Pune,,,,0.7637,WARNING,False
2026-01-21 20:53:34,2942.4,Safari Storme EX,91.5,886.21,11.3,41.4,82.9705,49.9946,14.1783,0.7272,0,0,0.0,4.589,0.3,Aggressive,26.2893,Drizzle,Drizzle,79.2,6.3992,81.4936,1011.8,4.0,58.5,Urban,68636,11,5.6816,4.1908,0.7673,18.519124489795917,73.85081836734693,Pune,,,,0.7637,WARNING,False
2026-01-21 20:53:36,2944.8,Safari Storme EX,92.0,1361.1,20.6,44.9,65.27,22.5851,14.2067,0.7459,0,0,0.0,5.657,0.3,Smooth,26.3004,Drizzle,Drizzle,79.2,6.3863,81.5043,1011.8,4.0,58.5,Urban,68636,11,5.6815,4.1908,0.7673,18.525128,73.846988,Pune,,,,0.7637,WARNING,False
2026-01-21 20:53:39,2947.2,Safari Storme EX,91.9,1430.0,20.9,46.3,75.3443,39.9884,14.144,0.7381,0,0,0.0,5.529,0.3,Aggressive,26.2996,Drizzle,Drizzle,79.2,6.4067,81.5052,1011.8,4.0,58.5,Urban,68636,11,5.6815,4.1908,0.7673,18.515252884615386,73.84608557692309,Pune,,,,0.7637,WARNING,False
2026-01-21 20:53:41,2949.6,Safari Storme EX,92.7,1519.27,20.0,40.3,87.7134,48.5215,14.1385,0.7581,0,0,0.0,5.161,0.2,Aggressive,26.3027,Drizzle,Drizzle,79.2,6.389,81.476,1011.8,4.0,58.5,Urban,68636,11,5.6815,4.1908,0.7673,18.520169306930693,73.84998019801981,Pune,,,,0.7637,WARNING,False
2026-01-21 20:53:44,2952.0,Safari Storme EX,92.0,1550.63,28.6,40.6,99.2398,12.8409,14.1718,0.7286,0,0,0.0,6.132,0.1,Aggressive,26.2894,Drizzle,Drizzle,79.2,6.4046,81.5107,1011.8,4.0,58.5,Urban,68636,11,5.6815,4.1907,0.7673,18.51101359223301,73.84764077669902,Pune,,,,0.7637,WARNING,False
2026-01-21 20:53:46,2954.4,Safari Storme EX,92.3,1609.71,27.9,45.6,91.1335,51.3638,14.1445,0.7285,0,0,0.0,4.264,0.0,Aggressive,26.2964,Drizzle,Drizzle,79.2,6.3957,81.4983,1011.8,4.0,58.5,Urban,68636,11,5.6815,4.1907,0.7673,18.526436893203883,73.8564504854369,Pune,,,,0.7637,WARNING,False
2026-01-21 20:53:48,2956.8,Safari Storme EX,92.8,1374.44,18.2,42.5,58.9627,35.6856,14.102,0.7323,0,0,0.0,4.789,0.0,Smooth,26.308,Drizzle,Drizzle,79.2,6.396,81.5004,1011.8,4.0,58.5,Urban,68636,11,5.6815,4.1907,0.7673,18.522824999999997,73.84400000000001,Pune,,,,0.7637,WARNING,False
2026-01-21 20:53:51,2959.2,Safari Storme EX,91.9,1533.1,27.9,43.7,91.2819,21.2402,14.2352,0.7391,0,0,0.0,4.997,0.0,Aggressive,26.2959,Drizzle,Drizzle,79.2,6.4011,81.5076,1011.8,4.0,58.5,Urban,68636,11,5.6814,4.1907,0.7673,18.52654901960784,73.85292254901961,Pune,,,,0.7637,WARNING,False
2026-01-21 20:53:53,2961.6,Safari Storme EX,91.9,1717.93,29.4,46.0,87.797,51.0077,14.0898,0.7379,0,0,0.0,4.625,0.0,Aggressive,26.2987,Drizzle,Drizzle,79.2,6.4,81.4852,1011.8,4.0,58.5,Urban,68636,11,5.6814,4.1907,0.7673,18.523268571428574,73.85067714285714,Pune,,,,0.7637,WARNING,False
2026-01-21 20:53:56,2964.0,Safari Storme EX,91.3,1390.47,18.5,42.5,56.7359,0.4867,14.0637,0.7595,0,0,0.0,5.54,0.0,Smooth,26.2963,Drizzle,Drizzle,79.2,6.3959,81.4924,1011.8,4.0,58.5,Urban,68636,11,5.6814,4.1907,0.7673,18.520233333333334,73.84831960784314,Pune,,,,0.7637,WARNING,False
2026-01-21 20:53:58,2966.4,Safari Storme EX,92.4,1526.59,24.2,43.4,87.0438,50.2192,14.1579,0.7359,0,0,0.0,5.188,0.0,Aggressive,26.2939,Drizzle,Drizzle,79.2,6.4054,81.4969,1011.8,4.0,58.5,Urban,68636,11,5.6814,4.1907,0.7673,18.526227272727272,73.84970000000001,Pune,,,,0.7637,WARNING,False
2026-01-21 20:54:00,2968.8,Safari Storme EX,91.7,1558.18,25.0,42.7,85.6607,52.1287,14.1459,0.7343,0,0,0.0,4.203,0.0,Aggressive,26.3017,Drizzle,Drizzle,79.2,6.4134,81.5048,1011.8,4.0,58.5,Urban,68636,11,5.6814,4.1907,0.7673,18.518123076923075,73.85443076923077,Pune,,,,0.7637,WARNING,False
2026-01-21 20:54:03,2971.2,Safari Storme EX,91.9,1365.92,20.5,47.9,61.592,9.9931,14.2348,0.7426,0,0,0.0,4.229,0.0,Smooth,26.2859,Drizzle,Drizzle,79.2,6.3903,81.4837,1011.8,4.0,58.5,Urban,68636,11,5.6814,4.1907,0.7673,18.527142708333333,73.85445208333334,Pune,,,,0.7637,WARNING,False
2026-01-21 20:54:05,2973.6,Safari Storme EX,91.1,1607.24,24.7,47.8,83.1886,10.6766,14.1727,0.7325,0,0,0.0,2.913,0.0,Aggressive,26.3056,Drizzle,Drizzle,79.2,6.3944,81.4898,1011.8,4.0,58.5,Urban,68636,11,5.6814,4.1907,0.7673,18.524354455445547,73.85231386138614,Pune,,,,0.7637,WARNING,False
2026-01-21 20:54:08,2976.0,Safari Storme EX,92.0,1597.68,25.6,41.1,86.1789,53.0873,14.1341,0.7557,0,0,0.0,2.021,0.0,Aggressive,26.2902,Drizzle,Drizzle,79.2,6.3958,81.479,1011.8,4.0,58.5,Urban,68636,11,5.6813,4.1907,0.7673,18.52143367346939,73.84734387755103,Pune,,,,0.7637,WARNING,False
2026-01-21 20:54:10,2978.4,Safari Storme EX,92.7,1584.16,27.8,44.2,88.5444,7.699,14.1564,0.7566,0,0,0.0,2.653,0.0,Aggressive,26.3124,Drizzle,Drizzle,79.2,6.3953,81.4976,1011.8,4.0,58.5,Urban,68636,11,5.6813,4.1907,0.7673,18.51777142857143,73.848,Pune,,,,0.7637,WARNING,False
2026-01-21 20:54:12,2980.8,Safari Storme EX,91.8,1659.6,33.4,44.2,88.1881,33.1478,14.1514,0.7566,0,0,0.0,4.725,0.0,Aggressive,26.2881,Drizzle,Drizzle,79.2,6.4205,81.4823,1011.8,4.0,58.5,Urban,68636,11,5.6813,4.1907,0.7673,18.52056,73.84928,Pune,,,,0.7637,WARNING,False
2026-01-21 20:54:15,2983.2,Safari Storme EX,91.9,1484.54,22.4,47.0,61.6289,-0.0255,14.1162,0.7399,0,0,0.0,4.176,0.0,Smooth,26.3155,Drizzle,Drizzle,79.2,6.3951,81.5038,1011.8,4.0,58.5,Urban,68637,11,5.6813,4.1906,0.7673,18.525173267326732,73.84672772277227,Pune,,,,0.7637,WARNING,False
2026-01-21 20:54:17,2985.6,Safari Storme EX,91.5,961.5,12.8,46.1,47.463,0.5283,14.1967,0.7431,0,0,0.0,7.625,0.0,Smooth,26.3118,Drizzle,Drizzle,79.2,6.4152,81.5133,1011.8,4.0,58.5,Urban,68637,11,5.6813,4.1906,0.7673,18.524740625,73.84835000000001,Pune,,,,0.7637,WARNING,False
2026-01-21 20:54:20,2988.0,Safari Storme EX,91.4,1458.86,17.8,40.1,67.9679,40.8515,14.2571,0.737,0,0,0.0,8.101,0.0,Smooth,26.2958,Drizzle,Drizzle,79.2,6.3914,81.4935,1011.8,4.0,58.5,Urban,68637,11,5.6813,4.1906,0.7673,18.52645882352941,73.85486274509805,Pune,,,,0.7637,WARNING,False
2026-01-21 20:54:22,2990.4,Safari Storme EX,91.4,1008.05,11.1,46.1,26.5112,-0.1806,14.2678,0.7431,0,0,0.0,8.944,0.0,Stop-and-Go,26.2897,Drizzle,Drizzle,79.2,6.3877,81.5073,1011.8,4.0,58.5,Urban,68637,11,5.6813,4.1906,0.7673,18.525190625,73.85075,Pune,,,,0.7637,WARNING,False
2026-01-21 20:54:24,2992.8,Safari Storme EX,92.3,1346.58,15.9,40.9,85.7946,49.8519,14.2055,0.7204,0,0,0.0,4.429,0.0,Aggressive,26.3008,Drizzle,Drizzle,79.2,6.4007,81.4995,1011.8,4.0,58.5,Urban,68637,11,5.6812,4.1906,0.7673,18.520957142857142,73.84734285714286,Pune,,,,0.7637,WARNING,False
2026-01-21 20:54:27,2995.2,Safari Storme EX,91.5,1416.76,15.3,44.5,61.7859,33.5755,14.148,0.7523,0,0,0.0,2.641,0.0,Smooth,26.2956,Drizzle,Drizzle,79.2,6.4008,81.5062,1011.8,4.0,58.5,Urban,68637,11,5.6812,4.1906,0.7673,18.516108653846153,73.84887211538461,Pune,,,,0.7637,WARNING,False
2026-01-21 20:54:29,2997.6,Safari Storme EX,91.8,1450.74,21.5,43.4,96.6733,59.9501,14.2147,0.7359,0,0,0.0,3.791,0.0,Aggressive,26.3074,Drizzle,Drizzle,79.2,6.4011,81.5062,1011.8,4.0,58.5,Urban,68637,11,5.6812,4.1906,0.7673,18.523536363636364,73.85210000000001,Pune,,,,0.7637,WARNING,False
2026-01-21 20:54:32,3000.0,Safari Storme EX,92.0,799.63,2.0,45.9,88.1948,0.976,14.1724,0.7444,0,0,1.0,7.253,0.0,Stop-and-Go,26.2903,Drizzle,Drizzle,79.2,6.4051,81.5104,1011.8,4.0,58.5,Urban,68637,11,5.6812,4.1906,0.7674,18.524565346534654,73.85327920792079,Pune,,,,0.764,WARNING,False
2026-01-21 20:54:34,3002.4,Safari Storme EX,91.5,863.47,6.6,43.9,82.9654,49.0238,14.1616,0.7369,0,0,0.0,7.829,0.0,Aggressive,26.3018,Drizzle,Drizzle,79.2,6.4054,81.4987,1011.8,4.0,58.5,Urban,68637,11,5.6812,4.1906,0.7674,18.518812631578946,73.85006105263157,Pune,,,,0.764,WARNING,False
2026-01-21 20:54:36,3004.8,Safari Storme EX,91.9,932.21,7.8,40.3,81.1518,48.7289,14.1924,0.7489,0,0,0.0,7.725,0.0,Aggressive,26.2927,Drizzle,Drizzle,79.2,6.3981,81.5046,1011.8,4.0,58.5,Urban,68637,11,5.6812,4.1906,0.7674,18.523313333333334,73.85786,Pune,,,,0.764,WARNING,False
2026-01-21 20:54:39,3007.2,Safari Storme EX,91.9,841.71,12.1,45.6,59.4712,8.8676,14.1662,0.7433,0,0,0.0,7.366,0.0,Smooth,26.3008,Drizzle,Drizzle,79.2,6.4103,81.4856,1011.8,4.0,58.5,Urban,68637,11,5.6811,4.1906,0.7674,18.519772,73.851052,Pune,,,,0.764,WARNING,False
2026-01-21 20:54:41,3009.6,Safari Storme EX,92.1,1513.36,18.8,40.6,98.0729,38.737,14.127,0.7286,0,0,0.0,6.34,0.0,Aggressive,26.2912,Drizzle,Drizzle,79.2,6.4031,81.5006,1011.8,4.0,58.5,Urban,68637,11,5.6811,4.1906,0.7674,18.514415533980582,73.85304660194174,Pune,,,,0.764,WARNING,False
2026-01-21 20:54:44,3012.0,Safari Storme EX,91.6,750.0,0.8,40.9,84.5069,49.2904,14.1895,0.7204,0,0,1.0,6.705,0.0,Stop-and-Go,26.2927,Drizzle,Drizzle,79.2,6.4206,81.5027,1011.8,4.0,58.5,Urban,68637,11,5.6811,4.1906,0.7674,18.520957142857142,73.84734285714286,Pune,,,,0.764,WARNING,False
2026-01-21 20:54:46,3014.4,Safari Storme EX,92.1,750.0,0.0,47.8,87.1635,22.8995,14.1429,0.7325,0,0,0.0,7.894,0.1,Stop-and-Go,26.2858,Drizzle,Drizzle,79.2,6.3803,81.5117,1011.8,4.0,58.5,Urban,68637,11,5.6811,4.1906,0.7674,18.52518613861386,73.84903465346535,Pune,,,,0.764,WARNING,False
2026-01-21 20:54:48,3016.8,Safari Storme EX,91.8,859.59,0.2,44.7,79.8893,1.9566,14.1434,0.7382,0,0,0.0,8.617,0.1,Stop-and-Go,26.3006,Drizzle,Drizzle,79.2,6.402,81.4947,1011.8,4.0,58.5,Urban,68637,11,5.6811,4.1905,0.7674,18.519890384615387,73.84974903846154,Pune,,,,0.764,WARNING,False
2026-01-21 20:54:51,3019.2,Safari Storme EX,91.9,936.82,0.0,43.4,96.7111,57.3374,14.2171,0.7359,0,0,0.0,8.302,0.2,Stop-and-Go,26.3005,Drizzle,Drizzle,79.2,6.4145,81.4894,1011.8,4.0,58.5,Urban,68637,11,5.6811,4.1905,0.7674,18.523536363636364,73.85210000000001,Pune,,,,0.764,WARNING,False
2026-01-21 20:54:53,3021.6,Safari Storme EX,92.4,801.37,1.7,43.9,89.252,21.7077,14.1575,0.7376,0,0,0.0,0.727,0.2,Stop-and-Go,26.3008,Drizzle,Drizzle,79.2,6.4084,81.5177,1011.8,4.0,58.5,Urban,68637,11,5.6811,4.1905,0.7674,18.52745102040816,73.84959591836734,Pune,,,,0.764,WARNING,False
2026-01-21 20:54:56,3024.0,Safari Storme EX,92.5,836.23,1.3,45.7,86.9161,6.2233,14.1686,0.734,0,0,0.0,0.802,0.2,Stop-and-Go,26.3107,Drizzle,Drizzle,79.2,6.4086,81.4893,1011.8,4.0,58.5,Urban,68637,11,5.681,4.1905,0.7674,18.523374736842104,73.8566547368421,Pune,,,,0.764,WARNING,False
2026-01-21 20:54:58,3026.4,Safari Storme EX,91.0,804.8,1.9,44.4,83.0529,51.8353,14.2005,0.7383,0,0,0.0,0.87,0.2,Stop-and-Go,26.3093,Drizzle,Drizzle,79.2,6.4134,81.5032,1011.8,4.0,58.5,Urban,68637,11,5.681,4.1905,0.7674,18.51985408163265,73.85269591836735,Pune,,,,0.764,WARNING,False
2026-01-21 20:55:00,3028.8,Safari Storme EX,92.1,750.0,1.5,41.5,12.951,-0.1848,14.2285,0.7299,0,0,0.0,0.75,0.2,Stop-and-Go,26.289,Drizzle,Drizzle,79.2,6.3993,81.4985,1011.8,4.0,58.5,Urban,68637,11,5.681,4.1905,0.7674,18.5179,73.8485,Pune,,,,0.764,WARNING,False
2026-01-21 20:55:03,3031.2,Safari Storme EX,91.8,750.0,0.3,42.3,87.0679,26.5446,14.2224,0.742,0,0,0.0,0.623,0.2,Stop-and-Go,26.2937,Drizzle,Drizzle,79.2,6.3978,81.4829,1011.8,4.0,58.5,Urban,68637,11,5.681,4.1905,0.7674,18.51945,73.85209499999999,Pune,,,,0.764,WARNING,False
2026-01-21 20:55:05,3033.6,Safari Storme EX,91.2,883.52,2.8,41.2,87.1973,52.2424,14.2322,0.7245,0,0,0.0,0.91,0.2,Stop-and-Go,26.2924,Drizzle,Drizzle,79.2,6.4063,81.5027,1011.8,4.0,58.5,Urban,68637,11,5.681,4.1905,0.7674,18.52525670103093,73.84972783505154,Pune,,,,0.764,WARNING,False
2026-01-21 20:55:08,3036.0,Safari Storme EX,92.1,897.91,5.1,48.0,81.1681,53.6611,14.1901,0.7359,0,0,0.0,1.795,0.2,Aggressive,26.3081,Drizzle,Drizzle,79.2,6.3941,81.4895,1011.8,4.0,58.5,Urban,68637,11,5.681,4.1905,0.7674,18.527872549019605,73.84105588235293,Pune,,,,0.764,WARNING,False
2026-01-21 20:55:10,3038.4,Safari Storme EX,92.3,1002.93,7.5,47.0,55.7048,-0.8488,14.1663,0.7399,0,0,0.0,2.884,0.1,Smooth,26.2966,Drizzle,Drizzle,79.2,6.3897,81.4893,1011.8,4.0,58.5,Urban,68637,11,5.681,4.1905,0.7674,18.526028712871287,73.8474405940594,Pune,,,,0.764,WARNING,False
2026-01-21 20:55:12,3040.8,Safari Storme EX,91.5,1364.63,16.8,44.9,63.6863,4.2207,14.2233,0.7459,0,0,0.0,6.348,0.1,Smooth,26.3025,Drizzle,Drizzle,79.2,6.4097,81.5076,1011.8,4.0,58.5,Urban,68637,11,5.6809,4.1905,0.7674,18.523591999999997,73.838732,Pune,,,,0.764,WARNING,False
2026-01-21 20:55:15,3043.2,Safari Storme EX,91.4,1481.2,17.6,45.6,89.6362,51.918,14.1272,0.7285,0,0,0.0,6.821,0.0,Aggressive,26.3048,Drizzle,Drizzle,79.2,6.4117,81.5013,1011.8,4.0,58.5,Urban,68637,11,5.6809,4.1905,0.7674,18.526436893203883,73.8564504854369,Pune,,,,0.764,WARNING,False
2026-01-21 20:55:17,3045.6,Safari Storme EX,92.2,1544.04,20.3,40.3,84.4431,51.9854,14.1131,0.7567,0,0,0.0,6.717,0.0,Aggressive,26.3004,Drizzle,Drizzle,79.2,6.402,81.5052,1011.8,4.0,58.5,Urban,68637,11,5.6809,4.1905,0.7674,18.52133009708738,73.84960388349515,Pune,,,,0.764,WARNING,False
2026-01-21 20:55:20,3048.0,Safari Storme EX,91.9,1518.85,15.1,44.6,76.3463,46.828,14.1926,0.7304,0,0,0.0,4.829,0.0,Aggressive,26.3084,Drizzle,Drizzle,79.2,6.4034,81.4849,1011.8,4.0,58.5,Urban,68637,11,5.6809,4.1904,0.7674,18.520094736842104,73.84631052631579,Pune,,,,0.764,WARNING,False
2026-01-21 20:55:22,3050.4,Safari Storme EX,91.8,1605.24,25.7,42.5,59.7745,0.737,14.1382,0.7595,0,0,0.0,4.139,0.0,Smooth,26.2925,Drizzle,Drizzle,79.2,6.4064,81.5107,1011.8,4.0,58.5,Urban,68637,11,5.6809,4.1904,0.7674,18.517033333333334,73.84876666666666,Pune,,,,0.764,WARNING,False
2026-01-21 20:55:24,3052.8,Safari Storme EX,92.5,1478.94,20.4,47.7,91.8939,51.3622,14.2224,0.7536,0,0,0.0,3.948,0.0,Aggressive,26.302,Drizzle,Drizzle,79.2,6.4151,81.4874,1011.8,4.0,58.5,Urban,68637,11,5.6809,4.1904,0.7674,18.51834623655914,73.85415806451613,Pune,,,,0.764,WARNING,False
2026-01-21 20:55:27,3055.2,Safari Storme EX,92.0,1561.03,23.2,45.8,88.7954,57.2398,14.1494,0.7299,0,0,0.0,3.955,0.0,Aggressive,26.2838,Drizzle,Drizzle,79.2,6.3873,81.4975,1011.8,4.0,58.5,Urban,68637,11,5.6808,4.1904,0.7674,18.520333684210524,73.85316210526315,Pune,,,,0.764,WARNING,False
2026-01-21 20:55:29,3057.6,Safari Storme EX,92.1,1438.78,17.8,44.5,61.3257,33.8789,14.1888,0.7523,0,0,0.0,4.206,0.0,Smooth,26.3102,Drizzle,Drizzle,79.2,6.3982,81.4962,1011.8,4.0,58.5,Urban,68637,11,5.6808,4.1904,0.7674,18.516108653846153,73.84887211538461,Pune,,,,0.764,WARNING,False
2026-01-21 20:55:32,3060.0,Safari Storme EX,92.1,1540.04,22.2,44.7,75.7829,1.1677,14.1452,0.7382,0,0,0.0,2.97,0.0,Aggressive,26.2947,Drizzle,Drizzle,79.2,6.3942,81.514,1011.8,4.0,58.5,Urban,68637,11,5.6808,4.1904,0.7674,18.518551923076924,73.8476951923077,Pune,,,,0.764,WARNING,False
2026-01-21 20:55:34,3062.4,Safari Storme EX,91.5,1501.01,28.2,46.0,75.5911,50.0141,14.0534,0.7379,0,0,0.0,3.856,0.0,Aggressive,26.3048,Drizzle,Drizzle,79.2,6.4192,81.497,1011.8,4.0,58.5,Urban,68637,11,5.6808,4.1904,0.7674,18.506262857142858,73.85314571428572,Pune,,,,0.764,WARNING,False
2026-01-21 20:55:36,3064.8,Safari Storme EX,92.1,1584.2,28.8,44.6,98.7208,0.2226,14.1517,0.7338,0,0,0.0,4.555,0.0,Aggressive,26.2887,Drizzle,Drizzle,79.2,6.4223,81.5035,1011.8,4.0,58.5,Urban,68637,11,5.6808,4.1904,0.7674,18.52678269230769,73.84797692307691,Pune,,,,0.764,WARNING,False
2026-01-21 20:55:39,3067.2,Safari Storme EX,91.3,1502.99,29.8,41.2,101.7783,56.1878,14.1574,0.7419,0,0,0.0,5.166,0.0,Aggressive,26.2952,Drizzle,Drizzle,79.2,6.4181,81.4869,1011.8,4.0,58.5,Urban,68637,11,5.6808,4.1904,0.7674,18.51164897959184,73.85169387755101,Pune,,,,0.764,WARNING,False
2026-01-21 20:55:41,3069.6,Safari Storme EX,91.5,1738.46,27.4,40.3,82.4639,50.2082,14.1921,0.7567,0,0,0.0,2.972,0.0,Aggressive,26.312,Drizzle,Drizzle,79.2,6.3869,81.5009,1011.8,4.0,58.5,Urban,68637,11,5.6808,4.1904,0.7674,18.519,73.8524,Pune,,,,0.764,WARNING,False
2026-01-21 20:55:44,3072.0,Safari Storme EX,92.0,1374.69,20.9,43.3,67.8024,19.257,14.1774,0.7339,0,0,0.0,3.532,0.0,Smooth,26.2871,Drizzle,Drizzle,79.2,6.3789,81.4957,1011.8,4.0,58.5,Urban,68637,11,5.6807,4.1904,0.7674,18.525088235294117,73.83963529411764,Pune,,,,0.764,WARNING,False
2026-01-21 20:55:46,3074.4,Safari Storme EX,91.6,1671.15,26.3,46.4,79.5217,4.4717,14.0878,0.7347,0,0,0.0,3.475,0.0,Aggressive,26.3064,Drizzle,Drizzle,79.2,6.3971,81.5071,1011.8,4.0,58.5,Urban,68637,11,5.6807,4.1904,0.7674,18.52359789473684,73.85380947368421,Pune,,,,0.764,WARNING,False
2026-01-21 20:55:48,3076.8,Safari Storme EX,92.1,1549.32,24.9,47.8,83.4696,8.5901,14.1148,0.7325,0,0,0.0,3.302,0.0,Aggressive,26.3005,Drizzle,Drizzle,79.2,6.3993,81.5076,1011.8,4.0,58.5,Urban,68637,11,5.6807,4.1904,0.7674,18.524354455445547,73.85231386138614,Pune,,,,0.764,WARNING,False
2026-01-21 20:55:51,3079.2,Safari Storme EX,91.4,1426.11,18.6,44.3,25.156,17.782,14.1282,0.7146,0,0,0.0,3.732,0.0,Stop-and-Go,26.307,Drizzle,Drizzle,79.2,6.4,81.5008,1011.8,4.0,58.5,Urban,68637,11,5.6807,4.1903,0.7674,18.51455,73.8515,Pune,,,,0.764,WARNING,False
2026-01-21 20:55:53,3081.6,Safari Storme EX,92.2,1652.61,26.6,40.1,95.5038,24.6085,14.2181,0.7353,0,0,0.0,3.542,0.0,Aggressive,26.295,Drizzle,Drizzle,79.2,6.3961,81.5108,1011.8,4.0,58.5,Urban,68637,11,5.6807,4.1903,0.7674,18.5270875,73.85046249999999,Pune,,,,0.764,WARNING,False
2026-01-21 20:55:56,3084.0,Safari Storme EX,92.2,1302.78,17.9,41.3,60.6368,6.618,14.1337,0.7434,0,0,0.0,4.264,0.0,Smooth,26.2969,Drizzle,Drizzle,79.2,6.405,81.4906,1011.8,4.0,58.5,Urban,68637,11,5.6807,4.1903,0.7674,18.513814285714286,73.84841428571428,Pune,,,,0.764,WARNING,False
2026-01-21 20:55:58,3086.4,Safari Storme EX,91.4,1520.38,18.1,46.7,85.3364,50.69,14.1355,0.7514,0,0,0.0,4.187,0.0,Aggressive,26.3019,Drizzle,Drizzle,79.2,6.4171,81.5065,1011.8,4.0,58.5,Urban,68637,11,5.6807,4.1903,0.7674,18.520753465346534,73.84431287128713,Pune,,,,0.764,WARNING,False
2026-01-21 20:56:00,3088.8,Safari Storme EX,91.8,974.5,12.0,42.5,58.9671,-0.4041,14.1604,0.7595,0,0,0.0,5.203,0.0,Smooth,26.3,Drizzle,Drizzle,79.2,6.3889,81.4926,1011.8,4.0,58.5,Urban,68637,11,5.6806,4.1903,0.7674,18.520233333333334,73.84831960784314,Pune,,,,0.764,WARNING,False
2026-01-21 20:56:03,3091.2,Safari Storme EX,91.5,1487.67,20.9,43.9,84.7868,44.8062,14.1052,0.7376,0,0,0.0,5.3,0.0,Aggressive,26.3016,Drizzle,Drizzle,79.2,6.4051,81.5051,1011.8,4.0,58.5,Urban,68637,11,5.6806,4.1903,0.7674,18.526961224489796,73.84915510204083,Pune,,,,0.764,WARNING,False
2026-01-21 20:56:05,3093.6,Safari Storme EX,92.0,1100.55,0.0,47.8,82.2638,7.6783,14.0826,0.7325,0,0,1.0,8.357,0.1,Stop-and-Go,26.3016,Drizzle,Drizzle,79.2,6.3977,81.4846,1011.8,4.0,58.5,Urban,68637,11,5.6806,4.1903,0.7674,18.524354455445547,73.85231386138614,Pune,,,,0.764,WARNING,False
2026-01-21 20:56:08,3096.0,Safari Storme EX,91.6,877.74,2.9,47.0,66.1518,-0.1755,14.1369,0.7399,0,0,0.0,9.162,0.1,Stop-and-Go,26.2945,Drizzle,Drizzle,79.2,6.4209,81.4922,1011.8,4.0,58.5,Urban,68637,11,5.6806,4.1903,0.7674,18.52431782178218,73.84601485148515,Pune,,,,0.764,WARNING,False
2026-01-21 20:56:10,3098.4,Safari Storme EX,92.0,959.78,11.4,41.7,82.441,49.3338,14.2245,0.7325,0,0,0.0,8.271,0.1,Aggressive,26.2933,Drizzle,Drizzle,79.2,6.3721,81.4957,1011.8,4.0,58.5,Urban,68637,11,5.6806,4.1903,0.7674,18.512012121212123,73.85493939393939,Pune,,,,0.764,WARNING,False
2026-01-21 20:56:12,3100.8,Safari Storme EX,92.0,827.5,10.6,41.3,61.1293,13.1206,14.1313,0.7434,0,0,0.0,8.186,0.1,Smooth,26.305,Drizzle,Drizzle,79.2,6.424,81.4882,1011.8,4.0,58.5,Urban,68637,11,5.6806,4.1903,0.7674,18.516067346938776,73.84672448979592,Pune,,,,0.764,WARNING,False
2026-01-21 20:56:15,3103.2,Safari Storme EX,91.3,923.39,12.2,44.8,69.6737,39.8535,14.0993,0.7561,0,0,0.0,5.574,0.1,Smooth,26.3093,Drizzle,Drizzle,79.2,6.4021,81.4976,1011.8,4.0,58.5,Urban,68637,11,5.6805,4.1903,0.7674,18.517435294117647,73.85295882352942,Pune,,,,0.764,WARNING,False
2026-01-21 20:56:17,3105.6,Safari Storme EX,91.8,750.0,0.0,45.7,62.0869,38.596,14.2115,0.7457,0,0,1.0,5.574,0.2,Stop-and-Go,26.3145,Drizzle,Drizzle,79.2,6.3906,81.4887,1011.8,4.0,58.5,Urban,68637,11,5.6805,4.1903,0.7674,18.52452,73.84916000000001,Pune,,,,0.764,WARNING,False
2026-01-21 20:56:20,3108.0,Safari Storme EX,92.5,828.29,0.4,41.2,93.4467,54.591,14.23,0.7419,0,0,0.0,6.162,0.2,Stop-and-Go,26.3023,Drizzle,Drizzle,79.2,6.3938,81.4993,1011.8,4.0,58.5,Urban,68637,11,5.6805,4.1903,0.7674,18.51522448979592,73.8491469387755,Pune,,,,0.764,WARNING,False
2026-01-21 20:56:22,3110.4,Safari Storme EX,91.8,798.79,0.0,47.8,82.7948,7.9392,14.0577,0.7325,0,0,0.0,6.199,0.3,Stop-and-Go,26.3032,Drizzle,Drizzle,79.2,6.3999,81.4848,1011.8,4.0,58.5,Urban,68637,11,5.6805,4.1903,0.7674,18.524354455445547,73.85231386138614,Pune,,,,0.764,WARNING,False
2026-01-21 20:56:24,3112.8,Safari Storme EX,92.7,785.5,0.0,43.9,71.7826,41.9125,14.2328,0.7339,0,0,0.0,5.414,0.4,Stop-and-Go,26.2951,Drizzle,Drizzle,79.2,6.4163,81.5037,1011.8,4.0,58.5,Urban,68637,11,5.6805,4.1902,0.7674,18.519084210526316,73.85051578947368,Pune,,,,0.764,WARNING,False
2026-01-21 20:56:27,3115.2,Safari Storme EX,92.4,782.62,1.5,45.8,90.0062,56.7076,14.1429,0.7299,0,0,0.0,0.65,0.4,Stop-and-Go,26.3107,Drizzle,Drizzle,79.2,6.4108,81.4998,1011.8,4.0,58.5,Urban,68637,11,5.6805,4.1902,0.7674,18.520333684210524,73.85316210526315,Pune,,,,0.764,WARNING,False
2026-01-21 20:56:29,3117.6,Safari Storme EX,92.6,772.39,2.0,47.9,81.1765,53.2474,14.1735,0.7338,0,0,0.0,0.918,0.3,Stop-and-Go,26.2916,Drizzle,Drizzle,79.2,6.4084,81.5098,1011.8,4.0,58.5,Urban,68637,11,5.6805,4.1902,0.7674,18.51795,73.84827641509435,Pune,,,,0.764,WARNING,False
2026-01-21 20:56:32,3120.0,Safari Storme EX,92.0,922.59,2.2,40.0,98.2873,11.2719,14.1342,0.7473,0,0,0.0,1.071,0.3,Stop-and-Go,26.3069,Drizzle,Drizzle,79.2,6.4078,81.4886,1011.8,4.0,58.5,Urban,68637,11,5.6804,4.1902,0.7674,18.51233076923077,73.84587211538461,Pune,,,,0.764,WARNING,False
2026-01-21 20:56:34,3122.4,Safari Storme EX,92.7,815.45,2.4,46.8,69.5882,40.3672,14.1769,0.7426,0,0,0.0,0.965,0.3,Stop-and-Go,26.2804,Drizzle,Drizzle,79.2,6.3988,81.4949,1011.8,4.0,58.5,Urban,68637,11,5.6804,4.1902,0.7674,18.515664948453608,73.8503350515464,Pune,,,,0.764,WARNING,False
2026-01-21 20:56:36,3124.8,Safari Storme EX,92.5,892.48,0.0,46.8,69.2754,40.6474,14.1544,0.7426,0,0,0.0,0.965,0.4,Stop-and-Go,26.2986,Drizzle,Drizzle,79.2,6.4023,81.4955,1011.8,4.0,58.5,Urban,68637,11,5.6804,4.1902,0.7674,18.51529381443299,73.84830618556701,Pune,,,,0.764,WARNING,False
2026-01-21 20:56:39,3127.2,Safari Storme EX,92.2,914.2,4.0,46.7,77.4304,43.2554,14.1791,0.7514,0,0,0.0,1.425,0.4,Aggressive,26.3127,Drizzle,Drizzle,79.2,6.4007,81.4852,1011.8,4.0,58.5,Urban,68637,11,5.6804,4.1902,0.7675,18.51699900990099,73.84545346534654,Pune,,,,0.7643,WARNING,False
2026-01-21 20:56:41,3129.6,Safari Storme EX,92.0,955.85,0.0,44.1,80.1502,43.2544,14.1079,0.7481,0,0,0.0,1.718,0.4,Stop-and-Go,26.2997,Drizzle,Drizzle,79.2,6.4009,81.5034,1011.8,4.0,58.5,Urban,68637,11,5.6804,4.1902,0.7675,18.521566990291262,73.84414466019417,Pune,,,,0.7643,WARNING,False
2026-01-21 20:56:44,3132.0,Safari Storme EX,91.4,862.75,0.5,44.2,51.1522,32.5998,14.2164,0.7216,0,0,0.0,1.767,0.4,Stop-and-Go,26.2946,Drizzle,Drizzle,79.2,6.4011,81.4912,1011.8,4.0,58.5,Urban,68637,11,5.6804,4.1902,0.7675,18.52343076923077,73.84788269230769,Pune,,,,0.7643,WARNING,False
2026-01-21 20:56:46,3134.4,Safari Storme EX,92.4,750.0,0.8,43.1,65.2161,39.8856,14.1772,0.7193,0,0,0.0,1.679,0.3,Stop-and-Go,26.2893,Drizzle,Drizzle,79.2,6.4092,81.4983,1011.8,4.0,58.5,Urban,68637,11,5.6803,4.1902,0.7675,18.517464150943397,73.84371603773585,Pune,,,,0.7643,WARNING,False
2026-01-21 20:56:48,3136.8,Safari Storme EX,91.3,750.0,0.5,41.1,87.564,54.4052,14.1836,0.7557,0,0,0.0,1.613,0.2,Stop-and-Go,26.2995,Drizzle,Drizzle,79.2,6.4016,81.4949,1011.8,4.0,58.5,Urban,68637,11,5.6803,4.1902,0.7675,18.52140918367347,73.84658469387755,Pune,,,,0.7643,WARNING,False
2026-01-21 20:56:51,3139.2,Safari Storme EX,91.9,920.61,0.0,46.1,27.2643,-0.0864,14.2562,0.7431,0,0,0.0,0.351,0.3,Stop-and-Go,26.3031,Drizzle,Drizzle,79.2,6.4073,81.5118,1011.8,4.0,58.5,Urban,68637,11,5.6803,4.1902,0.7675,18.525190625,73.85075,Pune,,,,0.7643,WARNING,False
2026-01-21 20:56:53,3141.6,Safari Storme EX,92.0,969.29,1.5,45.6,68.7876,20.6378,14.2585,0.7001,0,0,0.0,0.55,0.3,Stop-and-Go,26.3102,Drizzle,Drizzle,79.2,6.3895,81.5024,1011.8,4.0,58.5,Urban,68637,11,5.6803,4.1902,0.7675,18.52215,73.8522,Pune,,,,0.7643,WARNING,False
2026-01-21 20:56:56,3144.0,Safari Storme EX,91.3,904.68,3.0,45.5,78.3569,51.356,14.0807,0.7172,0,0,0.0,1.163,0.3,Aggressive,26.3107,Drizzle,Drizzle,79.2,6.3909,81.4897,1011.8,4.0,58.5,Urban,68637,11,5.6803,4.1901,0.7675,18.51031485148515,73.85400693069307,Pune,,,,0.7643,WARNING,False
2026-01-21 20:56:58,3146.4,Safari Storme EX,91.9,919.11,7.6,44.2,88.3025,8.6784,14.207,0.7566,0,0,0.0,3.062,0.3,Aggressive,26.3128,Drizzle,Drizzle,79.2,6.3994,81.4912,1011.8,4.0,58.5,Urban,68637,11,5.6803,4.1901,0.7675,18.51777142857143,73.848,Pune,,,,0.7643,WARNING,False
2026-01-21 20:57:00,3148.8,Safari Storme EX,91.8,989.26,10.3,47.1,87.1109,0.132,14.2246,0.7623,0,0,0.0,4.323,0.2,Aggressive,26.2835,Drizzle,Drizzle,79.2,6.4015,81.4926,1011.8,4.0,58.5,Urban,68637,11,5.6803,4.1901,0.7675,18.524334615384614,73.85564615384615,Pune,,,,0.7643,WARNING,False
2026-01-21 20:57:03,3151.2,Safari Storme EX,91.9,1244.12,15.1,42.2,66.3262,36.1353,14.224,0.7467,0,0,0.0,5.52,0.2,Smooth,26.3151,Drizzle,Drizzle,79.2,6.3908,81.4915,1011.8,4.0,58.5,Urban,68637,11,5.6802,4.1901,0.7675,18.52815,73.84778333333334,Pune,,,,0.7643,WARNING,False
2026-01-21 20:57:05,3153.6,Safari Storme EX,91.8,1370.43,17.7,45.1,92.1441,23.9346,14.1549,0.7274,0,0,0.0,5.861,0.1,Aggressive,26.2923,Drizzle,Drizzle,79.2,6.4004,81.5031,1011.8,4.0,58.5,Urban,68637,11,5.6802,4.1901,0.7675,18.524302040816327,73.85418775510205,Pune,,,,0.7643,WARNING,False
2026-01-21 20:57:08,3156.0,Safari Storme EX,91.7,852.91,14.9,45.8,90.8745,55.8989,14.1029,0.7299,0,0,0.0,4.077,0.1,Aggressive,26.2852,Drizzle,Drizzle,79.2,6.3796,81.4897,1011.8,4.0,58.5,Urban,68637,11,5.6802,4.1901,0.7675,18.51790842105263,73.85589052631579,Pune,,,,0.7643,WARNING,False
2026-01-21 20:57:10,3158.4,Safari Storme EX,91.7,1516.14,23.4,43.9,85.3478,45.5381,14.1972,0.7376,0,0,0.0,4.79,0.1,Aggressive,26.2964,Drizzle,Drizzle,79.2,6.3755,81.4886,1011.8,4.0,58.5,Urban,68637,11,5.6802,4.1901,0.7675,18.526961224489796,73.84915510204083,Pune,,,,0.7643,WARNING,False
2026-01-21 20:57:12,3160.8,Safari Storme EX,92.5,1414.77,19.8,44.2,89.7111,55.5051,14.128,0.7255,0,0,0.0,3.548,0.1,Aggressive,26.3041,Drizzle,Drizzle,79.2,6.4072,81.485,1011.8,4.0,58.5,Urban,68637,11,5.6802,4.1901,0.7675,18.517832692307692,73.85270576923078,Pune,,,,0.7643,WARNING,False
2026-01-21 20:57:15,3163.2,Safari Storme EX,92.0,1508.45,21.4,43.9,65.1271,37.8562,14.1499,0.7339,0,0,0.0,3.29,0.0,Smooth,26.2922,Drizzle,Drizzle,79.2,6.4022,81.4837,1011.8,4.0,58.5,Urban,68637,11,5.6802,4.1901,0.7675,18.518326315789473,73.84455368421052,Pune,,,,0.7643,WARNING,False
2026-01-21 20:57:17,3165.6,Safari Storme EX,92.1,1728.4,28.3,40.6,98.4929,12.0699,14.1783,0.7286,0,0,0.0,4.906,0.0,Aggressive,26.3107,Drizzle,Drizzle,79.2,6.3998,81.4915,1011.8,4.0,58.5,Urban,68637,11,5.6802,4.1901,0.7675,18.51101359223301,73.84764077669902,Pune,,,,0.7643,WARNING,False
2026-01-21 20:57:20,3168.0,Safari Storme EX,92.4,1536.02,17.1,42.3,23.3452,6.8029,14.1249,0.7204,0,0,0.0,4.209,0.0,Stop-and-Go,26.2888,Drizzle,Drizzle,79.2,6.4114,81.4919,1011.8,4.0,58.5,Urban,68637,11,5.6801,4.1901,0.7675,18.521957,73.857474,Pune,,,,0.7643,WARNING,False
2026-01-21 20:57:22,3170.4,Safari Storme EX,91.8,1559.93,23.7,41.2,94.8153,56.4991,14.2123,0.7419,0,0,0.0,4.236,0.0,Aggressive,26.3114,Drizzle,Drizzle,79.2,6.41,81.5058,1011.8,4.0,58.5,Urban,68637,11,5.6801,4.1901,0.7675,18.51522448979592,73.8491469387755,Pune,,,,0.7643,WARNING,False
2026-01-21 20:57:24,3172.8,Safari Storme EX,91.6,1606.1,27.1,45.5,81.8247,51.5802,14.1197,0.7172,0,0,0.0,4.511,0.0,Aggressive,26.2896,Drizzle,Drizzle,79.2,6.4045,81.4966,1011.8,4.0,58.5,Urban,68637,11,5.6801,4.1901,0.7675,18.513237623762375,73.85441089108912,Pune,,,,0.7643,WARNING,False
2026-01-21 20:57:27,3175.2,Safari Storme EX,92.7,1476.95,19.1,46.1,57.8004,0.3283,14.1535,0.7431,0,0,0.0,4.883,0.0,Smooth,26.3069,Drizzle,Drizzle,79.2,6.3916,81.5003,1011.8,4.0,58.5,Urban,68637,11,5.6801,4.19,0.7675,18.524515625,73.84715,Pune,,,,0.7643,WARNING,False
2026-01-21 20:57:29,3177.6,Safari Storme EX,91.2,1580.98,25.6,47.6,88.0384,4.8705,14.2296,0.7499,0,0,0.0,4.27,0.0,Aggressive,26.3106,Drizzle,Drizzle,79.2,6.4365,81.5078,1011.8,4.0,58.5,Urban,68637,11,5.6801,4.19,0.7675,18.51735918367347,73.84794897959183,Pune,,,,0.7643,WARNING,False
2026-01-21 20:57:32,3180.0,Safari Storme EX,91.5,1726.62,31.5,40.1,93.572,51.13,14.1605,0.7353,0,0,0.0,4.548,0.0,Aggressive,26.3119,Drizzle,Drizzle,79.2,6.4233,81.4948,1011.8,4.0,58.5,Urban,68637,11,5.6801,4.19,0.7675,18.5287875,73.8539625,Pune,,,,0.7643,WARNING,False
2026-01-21 20:57:34,3182.4,Safari Storme EX,92.6,1494.48,27.9,45.1,93.2548,25.8847,14.2091,0.7274,0,0,0.0,4.543,0.0,Aggressive,26.2928,Drizzle,Drizzle,79.2,6.3773,81.505,1011.8,4.0,58.5,Urban,68637,11,5.68,4.19,0.7675,18.524302040816327,73.85418775510205,Pune,,,,0.7643,WARNING,False
2026-01-21 20:57:36,3184.8,Safari Storme EX,92.3,1492.0,21.2,45.6,69.3404,39.3192,14.2484,0.7001,0,0,0.0,5.006,0.0,Smooth,26.2917,Drizzle,Drizzle,79.2,6.3935,81.5015,1011.8,4.0,58.5,Urban,68637,11,5.68,4.19,0.7675,18.528726,73.856136,Pune,,,,0.7643,WARNING,False
2026-01-21 20:57:39,3187.2,Safari Storme EX,91.8,1559.86,21.8,40.1,93.5019,50.8429,14.1199,0.7353,0,0,0.0,4.298,0.0,Aggressive,26.3013,Drizzle,Drizzle,79.2,6.4135,81.5064,1011.8,4.0,58.5,Urban,68637,11,5.68,4.19,0.7675,18.5287875,73.8539625,Pune,,,,0.7643,WARNING,False
2026-01-21 20:57:41,3189.6,Safari Storme EX,91.8,1480.38,22.1,47.9,64.2985,30.7524,14.203,0.7426,0,0,0.0,4.574,0.0,Smooth,26.3034,Drizzle,Drizzle,79.2,6.4043,81.5188,1011.8,4.0,58.5,Urban,68637,11,5.68,4.19,0.7675,18.523892708333335,73.84955208333334,Pune,,,,0.7643,WARNING,False
2026-01-21 20:57:44,3192.0,Safari Storme EX,91.2,750.0,14.5,41.5,70.2224,43.7374,14.1816,0.7388,0,0,0.0,4.757,0.0,Aggressive,26.3013,Drizzle,Drizzle,79.2,6.4092,81.5089,1011.8,4.0,58.5,Urban,68637,11,5.68,4.19,0.7675,18.520834285714287,73.84587714285713,Pune,,,,0.7643,WARNING,False
2026-01-21 20:57:46,3194.4,Safari Storme EX,91.4,1476.62,20.7,40.6,92.6797,42.238,14.1332,0.7501,0,0,0.0,3.155,0.0,Aggressive,26.2937,Drizzle,Drizzle,79.2,6.401,81.4901,1011.8,4.0,58.5,Urban,68637,11,5.68,4.19,0.7675,18.519545833333336,73.8552,Pune,,,,0.7643,WARNING,False
2026-01-21 20:57:48,3196.8,Safari Storme EX,92.0,1374.01,22.1,41.2,99.6795,58.1538,14.1783,0.7419,0,0,0.0,3.26,0.0,Aggressive,26.3008,Drizzle,Drizzle,79.2,6.4021,81.493,1011.8,4.0,58.5,Urban,68637,11,5.68,4.19,0.7675,18.51164897959184,73.85169387755101,Pune,,,,0.7643,WARNING,False
2026-01-21 20:57:51,3199.2,Safari Storme EX,91.6,1611.52,25.2,40.3,91.5021,22.8755,14.1421,0.7581,0,0,0.0,3.949,0.0,Aggressive,26.3062,Drizzle,Drizzle,79.2,6.4075,81.5079,1011.8,4.0,58.5,Urban,68637,11,5.6799,4.19,0.7675,18.525444554455447,73.85121584158416,Pune,,,,0.7643,WARNING,False
2026-01-21 20:57:53,3201.6,Safari Storme EX,91.7,1622.14,27.2,41.7,85.9055,51.1085,14.2404,0.7325,0,0,0.0,4.879,0.0,Aggressive,26.3054,Drizzle,Drizzle,79.2,6.3882,81.4958,1011.8,4.0,58.5,Urban,68637,11,5.6799,4.19,0.7675,18.51540606060606,73.85076969696969,Pune,,,,0.7643,WARNING,False
2026-01-21 20:57:56,3204.0,Safari Storme EX,91.8,1535.37,28.5,45.8,90.2482,52.8942,14.208,0.7367,0,0,0.0,3.305,0.0,Aggressive,26.3019,Drizzle,Drizzle,79.2,6.4029,81.4899,1011.8,4.0,58.5,Urban,68637,11,5.6799,4.19,0.7675,18.516974226804123,73.84737628865979,Pune,,,,0.7643,WARNING,False
2026-01-21 20:57:58,3206.4,Safari Storme EX,92.2,1637.67,30.1,41.2,94.8629,56.3055,14.1553,0.7419,0,0,0.0,3.1,0.0,Aggressive,26.3153,Drizzle,Drizzle,79.2,6.3951,81.4933,1011.8,4.0,58.5,Urban,68637,11,5.6799,4.1899,0.7675,18.51522448979592,73.8491469387755,Pune,,,,0.7643,WARNING,False
2026-01-21 20:58:00,3208.8,Safari Storme EX,91.7,1734.51,26.7,45.6,66.8036,19.113,14.1725,0.7433,0,0,0.0,1.856,0.0,Smooth,26.2945,Drizzle,Drizzle,79.2,6.3991,81.5148,1011.8,4.0,58.5,Urban,68637,11,5.6799,4.1899,0.7675,18.52198,73.84858,Pune,,,,0.7643,WARNING,False
2026-01-21 20:58:03,3211.2,Safari Storme EX,91.9,1481.78,24.1,43.4,86.791,52.9503,14.1895,0.7359,0,0,0.0,2.23,0.0,Aggressive,26.3053,Drizzle,Drizzle,79.2,6.4043,81.4991,1011.8,4.0,58.5,Urban,68637,11,5.6799,4.1899,0.7675,18.526227272727272,73.84970000000001,Pune,,,,0.7643,WARNING,False
2026-01-21 20:58:05,3213.6,Safari Storme EX,92.0,860.26,13.5,44.3,27.1392,17.3228,14.2015,0.7146,0,0,0.0,6.583,0.0,Stop-and-Go,26.2908,Drizzle,Drizzle,79.2,6.4114,81.5034,1011.8,4.0,58.5,Urban,68637,11,5.6799,4.1899,0.7675,18.51395,73.8527,Pune,,,,0.7643,WARNING,False
2026-01-21 20:58:08,3216.0,Safari Storme EX,91.7,1510.88,22.9,44.2,87.9895,34.0468,14.2153,0.7566,0,0,0.0,6.215,0.0,Aggressive,26.3092,Drizzle,Drizzle,79.2,6.4009,81.4858,1011.8,4.0,58.5,Urban,68637,11,5.6798,4.1899,0.7675,18.52056,73.84928,Pune,,,,0.7643,WARNING,False
2026-01-21 20:58:10,3218.4,Safari Storme EX,92.3,1488.03,18.9,40.1,72.053,41.3342,14.2313,0.737,0,0,0.0,5.151,0.0,Aggressive,26.2934,Drizzle,Drizzle,79.2,6.3951,81.4952,1011.8,4.0,58.5,Urban,68637,11,5.6798,4.1899,0.7675,18.521376470588237,73.85352156862744,Pune,,,,0.7643,WARNING,False
2026-01-21 20:58:12,3220.8,Safari Storme EX,91.7,1385.62,17.6,42.9,61.0312,16.3693,14.1778,0.7344,0,0,0.0,4.261,0.0,Smooth,26.3123,Drizzle,Drizzle,79.2,6.384,81.5107,1011.8,4.0,58.5,Urban,68637,11,5.6798,4.1899,0.7675,18.525206451612902,73.85419677419355,Pune,,,,0.7643,WARNING,False
2026-01-21 20:58:15,3223.2,Safari Storme EX,92.3,1447.55,21.9,40.0,92.2857,51.764,14.2474,0.7473,0,0,0.0,3.736,0.0,Aggressive,26.3105,Drizzle,Drizzle,79.2,6.4072,81.5047,1011.8,4.0,58.5,Urban,68637,11,5.6798,4.1899,0.7675,18.52340769230769,73.85023365384615,Pune,,,,0.7643,WARNING,False
2026-01-21 20:58:17,3225.6,Safari Storme EX,91.8,1474.99,20.3,44.9,64.7238,32.363,14.2231,0.7459,0,0,0.0,2.155,0.0,Smooth,26.3016,Drizzle,Drizzle,79.2,6.3905,81.4853,1011.8,4.0,58.5,Urban,68637,11,5.6798,4.1899,0.7675,18.525896,73.851116,Pune,,,,0.7643,WARNING,False
2026-01-21 20:58:20,3228.0,Safari Storme EX,92.8,1321.87,17.6,44.2,91.3194,55.5233,14.1833,0.7255,0,0,0.0,1.85,0.0,Aggressive,26.3026,Drizzle,Drizzle,79.2,6.3716,81.5042,1011.8,4.0,58.5,Urban,68637,11,5.6798,4.1899,0.7675,18.517832692307692,73.85270576923078,Pune,,,,0.7643,WARNING,False
2026-01-21 20:58:22,3230.4,Safari Storme EX,91.6,1357.27,22.8,40.0,99.0746,11.177,14.1118,0.7473,0,0,0.0,2.401,0.0,Aggressive,26.2918,Drizzle,Drizzle,79.2,6.4219,81.49,1011.8,4.0,58.5,Urban,68637,11,5.6797,4.1899,0.7675,18.51233076923077,73.84587211538461,Pune,,,,0.7643,WARNING,False
2026-01-21 20:58:24,3232.8,Safari Storme EX,91.3,1593.53,26.9,46.3,68.0967,2.7426,14.1509,0.7381,0,0,0.0,3.423,0.0,Smooth,26.3111,Drizzle,Drizzle,79.2,6.3996,81.5046,1011.8,4.0,58.5,Urban,68637,11,5.6797,4.1899,0.7675,18.52032980769231,73.85430096153846,Pune,,,,0.7643,WARNING,False
2026-01-21 20:58:27,3235.2,Safari Storme EX,92.4,1466.16,19.7,46.8,69.7123,40.7589,14.1972,0.7426,0,0,0.0,3.561,0.0,Smooth,26.2962,Drizzle,Drizzle,79.2,6.3916,81.4961,1011.8,4.0,58.5,Urban,68637,11,5.6797,4.1899,0.7675,18.51529381443299,73.84830618556701,Pune,,,,0.7643,WARNING,False
2026-01-21 20:58:29,3237.6,Safari Storme EX,92.0,1413.45,23.9,44.7,70.8959,1.2889,14.1685,0.7382,0,0,0.0,3.631,0.0,Aggressive,26.2961,Drizzle,Drizzle,79.2,6.3964,81.4979,1011.8,4.0,58.5,Urban,68637,11,5.6797,4.1899,0.7675,18.51721346153846,73.84564134615385,Pune,,,,0.7643,WARNING,False
2026-01-21 20:58:32,3240.0,Safari Storme EX,91.9,1608.43,20.8,46.7,84.3988,50.6042,14.081,0.7514,0,0,0.0,2.812,0.0,Aggressive,26.3129,Drizzle,Drizzle,79.2,6.3856,81.5132,1011.8,4.0,58.5,Urban,68637,11,5.6797,4.1898,0.7675,18.520753465346534,73.84431287128713,Pune,,,,0.7643,WARNING,False
2026-01-21 20:58:34,3242.4,Safari Storme EX,91.9,1556.37,23.6,47.8,97.7448,55.3263,14.1663,0.7411,0,0,0.0,2.833,0.0,Aggressive,26.3187,Drizzle,Drizzle,79.2,6.4104,81.4822,1011.8,4.0,58.5,Urban,68637,11,5.6797,4.1898,0.7675,18.52412110091743,73.84436055045872,Pune,,,,0.7643,WARNING,False
2026-01-21 20:58:36,3244.8,Safari Storme EX,92.0,1435.11,19.9,42.7,64.4282,44.2778,14.1132,0.7325,0,0,0.0,2.027,0.0,Smooth,26.3032,Drizzle,Drizzle,79.2,6.414,81.4922,1011.8,4.0,58.5,Urban,68637,11,5.6797,4.1898,0.7675,18.52273738317757,73.84689252336449,Pune,,,,0.7643,WARNING,False
2026-01-21 20:58:39,3247.2,Safari Storme EX,91.7,1575.74,28.8,45.7,92.9611,46.0176,14.1737,0.734,0,0,0.0,3.481,0.0,Aggressive,26.3018,Drizzle,Drizzle,79.2,6.4082,81.4946,1011.8,4.0,58.5,Urban,68637,11,5.6796,4.1898,0.7675,18.523223157894737,73.85938315789474,Pune,,,,0.7643,WARNING,False
2026-01-21 20:58:41,3249.6,Safari Storme EX,91.7,1580.95,29.7,41.2,96.308,54.2821,14.1593,0.7419,0,0,0.0,4.505,0.0,Aggressive,26.2935,Drizzle,Drizzle,79.2,6.4213,81.4869,1011.8,4.0,58.5,Urban,68637,11,5.6796,4.1898,0.7675,18.51343673469388,73.85042040816326,Pune,,,,0.7643,WARNING,False
2026-01-21 20:58:44,3252.0,Safari Storme EX,91.4,1443.06,18.8,41.3,61.1995,32.0045,14.1207,0.7434,0,0,0.0,4.985,0.0,Smooth,26.2962,Drizzle,Drizzle,79.2,6.3958,81.5124,1011.8,4.0,58.5,Urban,68637,11,5.6796,4.1898,0.7675,18.520573469387756,73.84334489795918,Pune,,,,0.7643,WARNING,False
2026-01-21 20:58:46,3254.4,Safari Storme EX,92.4,778.43,12.0,41.1,24.4588,15.5806,14.1698,0.7301,0,0,0.0,7.417,0.0,Stop-and-Go,26.299,Drizzle,Drizzle,79.2,6.3871,81.4866,1011.8,4.0,58.5,Urban,68637,11,5.6796,4.1898,0.7676,18.52349,73.853816,Pune,,,,0.7646,WARNING,False
2026-01-21 20:58:48,3256.8,Safari Storme EX,92.1,1369.16,21.5,43.7,90.8988,8.3284,14.2048,0.7391,0,0,0.0,7.347,0.0,Aggressive,26.3279,Drizzle,Drizzle,79.2,6.3974,81.4987,1011.8,4.0,58.5,Urban,68637,11,5.6796,4.1898,0.7676,18.527866666666668,73.85021666666667,Pune,,,,0.7646,WARNING,False
2026-01-21 20:58:51,3259.2,Safari Storme EX,91.7,1690.62,29.9,45.5,80.3982,50.3356,14.1819,0.7172,0,0,0.0,7.607,0.0,Aggressive,26.2824,Drizzle,Drizzle,79.2,6.3938,81.5107,1011.8,4.0,58.5,Urban,68637,11,5.6796,4.1898,0.7676,18.513237623762375,73.85441089108912,Pune,,,,0.7646,WARNING,False
2026-01-21 20:58:53,3261.6,Safari Storme EX,92.4,1322.35,17.3,43.0,18.6983,7.4261,10.5237,0.726,0,0,1.0,6.575,0.0,Stop-and-Go,26.2992,Drizzle,Drizzle,79.2,6.3992,81.4913,1011.8,4.0,58.5,Urban,68637,11,5.6796,4.1898,0.7676,18.5213179245283,73.84901886792453,Pune,,,,0.7646,WARNING,False
2026-01-21 20:58:56,3264.0,Safari Storme EX,92.3,1497.38,18.0,41.9,89.3014,54.853,14.1886,0.726,0,0,0.0,6.618,0.0,Aggressive,26.2808,Drizzle,Drizzle,79.2,6.4005,81.5118,1011.8,4.0,58.5,Urban,68637,11,5.6795,4.1898,0.7676,18.52522842105263,73.8492947368421,Pune,,,,0.7646,WARNING,False
2026-01-21 20:58:58,3266.4,Safari Storme EX,91.8,1413.52,17.6,47.9,58.4191,2.3814,14.1632,0.7473,0,0,0.0,5.329,0.0,Smooth,26.3014,Drizzle,Drizzle,79.2,6.3907,81.5012,1011.8,4.0,58.5,Urban,68637,11,5.6795,4.1898,0.7676,18.52214693877551,73.84926122448981,Pune,,,,0.7646,WARNING,False
2026-01-21 20:59:00,3268.8,Safari Storme EX,92.4,1396.62,21.0,45.9,92.8571,16.239,14.1761,0.7353,0,0,0.0,5.319,0.0,Aggressive,26.3119,Drizzle,Drizzle,79.2,6.4073,81.4918,1011.8,4.0,58.5,Urban,68637,11,5.6795,4.1898,0.7676,18.52671649484536,73.85017319587628,Pune,,,,0.7646,WARNING,False
2026-01-21 20:59:03,3271.2,Safari Storme EX,92.3,1411.07,19.8,43.1,59.3298,12.3544,14.2278,0.7346,0,0,0.0,1.593,0.0,Smooth,26.2924,Drizzle,Drizzle,79.2,6.404,81.4991,1011.8,4.0,58.5,Urban,68637,11,5.6795,4.1897,0.7676,18.517277319587627,73.85124845360825,Pune,,,,0.7646,WARNING,False
2026-01-21 20:59:05,3273.6,Safari Storme EX,91.8,1423.41,21.4,40.7,83.6098,52.2156,14.1849,0.7357,0,0,0.0,1.717,0.0,Aggressive,26.3041,Drizzle,Drizzle,79.2,6.4075,81.4995,1011.8,4.0,58.5,Urban,68637,11,5.6795,4.1897,0.7676,18.51593804347826,73.85290869565218,Pune,,,,0.7646,WARNING,False
2026-01-21 20:59:08,3276.0,Safari Storme EX,91.8,1549.05,22.7,44.6,95.7266,-0.0725,14.2143,0.7338,0,0,0.0,1.924,0.0,Aggressive,26.3034,Drizzle,Drizzle,79.2,6.4233,81.4834,1011.8,4.0,58.5,Urban,68637,11,5.6795,4.1897,0.7676,18.528675,73.8489,Pune,,,,0.7646,WARNING,False
2026-01-21 20:59:10,3278.4,Safari Storme EX,92.1,1302.64,16.6,44.2,46.4616,28.326,14.164,0.7216,0,0,0.0,2.313,0.0,Smooth,26.3114,Drizzle,Drizzle,79.2,6.4202,81.4996,1011.8,4.0,58.5,Urban,68637,11,5.6794,4.1897,0.7676,18.524538461538462,73.85025961538462,Pune,,,,0.7646,WARNING,False
2026-01-21 20:59:12,3280.8,Safari Storme EX,91.9,1476.96,25.9,45.8,87.7276,44.6421,14.1631,0.7356,0,0,0.0,3.445,0.0,Aggressive,26.3,Drizzle,Drizzle,79.2,6.3933,81.4919,1011.8,4.0,58.5,Urban,68637,11,5.6794,4.1897,0.7676,18.516862886597938,73.84610206185567,Pune,,,,0.7646,WARNING,False
2026-01-21 20:59:15,3283.2,Safari Storme EX,92.2,1458.26,17.5,41.9,70.0192,36.1987,14.2215,0.7372,0,0,0.0,3.825,0.0,Aggressive,26.2916,Drizzle,Drizzle,79.2,6.386,81.4988,1011.8,4.0,58.5,Urban,68637,11,5.6794,4.1897,0.7676,18.51474158415842,73.84698316831684,Pune,,,,0.7646,WARNING,False
2026-01-21 20:59:17,3285.6,Safari Storme EX,92.3,1519.46,19.1,41.2,87.8388,50.7067,14.1828,0.7245,0,0,0.0,3.875,0.0,Aggressive,26.3149,Drizzle,Drizzle,79.2,6.4002,81.5125,1011.8,4.0,58.5,Urban,68638,11,5.6794,4.1897,0.7676,18.52525670103093,73.84972783505154,Pune,,,,0.7646,WARNING,False
2026-01-21 20:59:20,3288.0,Safari Storme EX,92.2,1639.72,20.2,44.2,84.1933,54.0966,14.0927,0.7255,0,0,0.0,3.653,0.0,Aggressive,26.301,Drizzle,Drizzle,79.2,6.3851,81.5017,1011.8,4.0,58.5,Urban,68638,11,5.6794,4.1897,0.7676,18.518225,73.850375,Pune,,,,0.7646,WARNING,False
2026-01-21 20:59:22,3290.4,Safari Storme EX,92.8,1505.91,23.2,45.6,60.4955,7.314,14.188,0.7433,0,0,0.0,3.361,0.0,Smooth,26.2815,Drizzle,Drizzle,79.2,6.4349,81.5144,1011.8,4.0,58.5,Urban,68638,11,5.6794,4.1897,0.7676,18.519772,73.851052,Pune,,,,0.7646,WARNING,False
2026-01-21 20:59:24,3292.8,Safari Storme EX,92.0,1520.09,24.1,44.2,88.1606,8.9253,14.256,0.7566,0,0,0.0,2.774,0.0,Aggressive,26.289,Drizzle,Drizzle,79.2,6.3992,81.5096,1011.8,4.0,58.5,Urban,68638,11,5.6794,4.1897,0.7676,18.51777142857143,73.848,Pune,,,,0.7646,WARNING,False
2026-01-21 20:59:27,3295.2,Safari Storme EX,91.6,1552.83,29.4,46.4,82.0732,17.7596,14.1316,0.7347,0,0,0.0,4.033,0.0,Aggressive,26.3086,Drizzle,Drizzle,79.2,6.3924,81.4764,1011.8,4.0,58.5,Urban,68638,11,5.6793,4.1897,0.7676,18.52299157894737,73.85173789473684,Pune,,,,0.7646,WARNING,False
2026-01-21 20:59:29,3297.6,Safari Storme EX,91.7,1716.19,25.1,45.9,92.7959,0.0528,14.1268,0.7444,0,0,0.0,3.341,0.0,Aggressive,26.3224,Drizzle,Drizzle,79.2,6.3994,81.5069,1011.8,4.0,58.5,Urban,68638,11,5.6793,4.1897,0.7676,18.530339603960396,73.85242376237625,Pune,,,,0.7646,WARNING,False
2026-01-21 20:59:32,3300.0,Safari Storme EX,91.5,1521.15,23.5,46.8,68.2082,40.2933,14.2304,0.7426,0,0,0.0,2.532,0.0,Smooth,26.2923,Drizzle,Drizzle,79.2,6.4152,81.5107,1011.8,4.0,58.5,Urban,68638,11,5.6793,4.1897,0.7676,18.516407216494844,73.85439278350516,Pune,,,,0.7646,WARNING,False
2026-01-21 20:59:34,3302.4,Safari Storme EX,91.6,1434.5,19.9,42.7,60.2744,40.9132,14.1481,0.7325,0,0,0.0,3.415,0.0,Smooth,26.3112,Drizzle,Drizzle,79.2,6.403,81.4995,1011.8,4.0,58.5,Urban,68638,11,5.6793,4.1896,0.7676,18.523298130841123,73.84678037383178,Pune,,,,0.7646,WARNING,False
2026-01-21 20:59:36,3304.8,Safari Storme EX,92.8,1511.78,21.1,44.8,77.6703,43.0022,14.2188,0.7561,0,0,0.0,3.73,0.0,Aggressive,26.2916,Drizzle,Drizzle,79.2,6.3997,81.5273,1011.8,4.0,58.5,Urban,68638,11,5.6793,4.1896,0.7676,18.521176470588234,73.84519411764707,Pune,,,,0.7646,WARNING,False
2026-01-21 20:59:39,3307.2,Safari Storme EX,91.5,1476.55,17.8,40.9,80.6032,47.8091,14.1867,0.7204,0,0,0.0,2.888,0.0,Aggressive,26.2969,Drizzle,Drizzle,79.2,6.4063,81.4898,1011.8,4.0,58.5,Urban,68638,11,5.6793,4.1896,0.7676,18.520568571428573,73.84613142857143,Pune,,,,0.7646,WARNING,False
2026-01-21 20:59:41,3309.6,Safari Storme EX,91.9,1493.46,24.9,43.9,92.2762,10.5155,14.1331,0.7376,0,0,0.0,2.826,0.0,Aggressive,26.3001,Drizzle,Drizzle,79.2,6.4142,81.5069,1011.8,4.0,58.5,Urban,68638,11,5.6793,4.1896,0.7676,18.527695918367346,73.84981632653061,Pune,,,,0.7646,WARNING,False
2026-01-21 20:59:44,3312.0,Safari Storme EX,92.1,1600.54,27.6,45.1,93.7815,24.3711,14.2051,0.7274,0,0,0.0,3.946,0.0,Aggressive,26.2869,Drizzle,Drizzle,79.2,6.3949,81.5022,1011.8,4.0,58.5,Urban,68638,11,5.6792,4.1896,0.7676,18.524302040816327,73.85418775510205,Pune,,,,0.7646,WARNING,False
2026-01-21 20:59:46,3314.4,Safari Storme EX,90.9,1359.7,18.7,46.1,37.2688,-0.2351,14.2321,0.7431,0,0,0.0,4.157,0.0,Smooth,26.3097,Drizzle,Drizzle,79.2,6.4032,81.5163,1011.8,4.0,58.5,Urban,68638,11,5.6792,4.1896,0.7676,18.524965625,73.84955000000001,Pune,,,,0.7646,WARNING,False
2026-01-21 20:59:48,3316.8,Safari Storme EX,92.7,1332.48,18.3,44.1,78.7979,47.6473,14.1933,0.7481,0,0,0.0,4.487,0.0,Aggressive,26.3029,Drizzle,Drizzle,79.2,6.4059,81.4914,1011.8,4.0,58.5,Urban,68638,11,5.6792,4.1896,0.7676,18.52063495145631,73.84512330097088,Pune,,,,0.7646,WARNING,False
2026-01-21 20:59:51,3319.2,Safari Storme EX,92.2,1593.68,24.6,45.7,89.5049,19.5842,14.1451,0.734,0,0,0.0,4.115,0.0,Aggressive,26.3169,Drizzle,Drizzle,79.2,6.3878,81.4791,1011.8,4.0,58.5,Urban,68638,11,5.6792,4.1896,0.7676,18.523324210526315,73.85756421052632,Pune,,,,0.7646,WARNING,False
2026-01-21 20:59:53,3321.6,Safari Storme EX,92.1,1647.3,28.9,47.8,100.6699,57.3183,14.1454,0.7411,0,0,0.0,4.929,0.0,Aggressive,26.2812,Drizzle,Drizzle,79.2,6.4072,81.4947,1011.8,4.0,58.5,Urban,68638,11,5.6792,4.1896,0.7676,18.526300917431193,73.8418504587156,Pune,,,,0.7646,WARNING,False
2026-01-21 20:59:56,3324.0,Safari Storme EX,91.9,1480.72,22.1,46.8,68.4379,38.8505,14.194,0.7426,0,0,0.0,4.405,0.0,Smooth,26.2911,Drizzle,Drizzle,79.2,6.398,81.5011,1011.8,4.0,58.5,Urban,68638,11,5.6792,4.1896,0.7676,18.516036082474226,73.85236391752578,Pune,,,,0.7646,WARNING,False
2026-01-21 20:59:58,3326.4,Safari Storme EX,93.2,1430.65,17.8,43.7,79.7707,50.377,14.1585,0.7253,0,0,0.0,4.613,0.0,Aggressive,26.3042,Drizzle,Drizzle,79.2,6.392,81.5175,1011.8,4.0,58.5,Urban,68638,11,5.6791,4.1896,0.7676,18.519265934065935,73.84926043956044,Pune,,,,0.7646,WARNING,False
2026-01-21 21:00:00,3328.8,Safari Storme EX,92.0,1392.65,19.4,41.5,71.1118,45.1384,14.1491,0.7388,0,0,0.0,4.394,0.0,Aggressive,26.2944,Drizzle,Drizzle,79.2,6.4103,81.5106,1011.8,4.0,58.5,Urban,68638,11,5.6791,4.1896,0.7676,18.520834285714287,73.84587714285713,Pune,,,,0.7646,WARNING,False
2026-01-21 21:00:03,3331.2,Safari Storme EX,91.7,1537.95,21.7,40.9,71.503,43.9768,14.1541,0.7204,0,0,0.0,4.246,0.0,Aggressive,26.3027,Drizzle,Drizzle,79.2,6.3995,81.498,1011.8,4.0,58.5,Urban,68638,11,5.6791,4.1896,0.7676,18.51979142857143,73.84370857142856,Pune,,,,0.7646,WARNING,False
2026-01-21 21:00:05,3333.6,Safari Storme EX,91.9,1555.13,26.6,45.8,88.4618,55.8389,14.1089,0.7299,0,0,0.0,3.336,0.0,Aggressive,26.2978,Drizzle,Drizzle,79.2,6.3957,81.4954,1011.8,4.0,58.5,Urban,68638,11,5.6791,4.1896,0.7676,18.51912105263158,73.85452631578947,Pune,,,,0.7646,WARNING,False
2026-01-21 21:00:08,3336.0,Safari Storme EX,91.9,1386.17,24.7,47.8,98.6132,55.012,14.2168,0.7411,0,0,0.0,3.638,0.0,Aggressive,26.2881,Drizzle,Drizzle,79.2,6.3995,81.4976,1011.8,4.0,58.5,Urban,68638,11,5.6791,4.1895,0.7676,18.52412110091743,73.84436055045872,Pune,,,,0.7646,WARNING,False
2026-01-21 21:00:10,3338.4,Safari Storme EX,92.0,1514.64,24.5,44.4,80.6688,49.4527,14.1731,0.7383,0,0,0.0,2.83,0.0,Aggressive,26.3018,Drizzle,Drizzle,79.2,6.4027,81.5065,1011.8,4.0,58.5,Urban,68638,11,5.6791,4.1895,0.7676,18.518164285714285,73.85318571428571,Pune,,,,0.7646,WARNING,False
2026-01-21 21:00:12,3340.8,Safari Storme EX,92.0,1571.64,22.3,44.9,64.5554,12.2638,14.2153,0.7459,0,0,0.0,1.979,0.0,Smooth,26.3044,Drizzle,Drizzle,79.2,6.3885,81.5079,1011.8,4.0,58.5,Urban,68638,11,5.6791,4.1895,0.7676,18.524359999999998,73.84286,Pune,,,,0.7646,WARNING,False
2026-01-21 21:00:15,3343.2,Safari Storme EX,92.1,1685.55,25.4,44.7,82.5882,-0.2336,14.2135,0.7382,0,0,0.0,1.573,0.0,Aggressive,26.3118,Drizzle,Drizzle,79.2,6.4091,81.4968,1011.8,4.0,58.5,Urban,68638,11,5.679,4.1895,0.7676,18.521228846153846,73.85180288461538,Pune,,,,0.7646,WARNING,False
2026-01-21 21:00:17,3345.6,Safari Storme EX,91.7,1580.65,29.4,40.1,92.7441,50.6391,14.1844,0.7353,0,0,0.0,2.589,0.0,Aggressive,26.3047,Drizzle,Drizzle,79.2,6.3753,81.5101,1011.8,4.0,58.5,Urban,68638,11,5.679,4.1895,0.7676,18.5287875,73.8539625,Pune,,,,0.7646,WARNING,False
2026-01-21 21:00:20,3348.0,Safari Storme EX,92.4,1558.76,31.8,44.6,95.7319,-2.167,14.2184,0.7338,0,0,0.0,3.847,0.0,Aggressive,26.2996,Drizzle,Drizzle,79.2,6.396,81.507,1011.8,4.0,58.5,Urban,68638,11,5.679,4.1895,0.7676,18.52962115384615,73.84936153846154,Pune,,,,0.7646,WARNING,False
2026-01-21 21:00:22,3350.4,Safari Storme EX,91.4,1622.04,27.0,43.4,94.8217,58.0578,14.2384,0.7359,0,0,0.0,3.65,0.0,Aggressive,26.2919,Drizzle,Drizzle,79.2,6.4035,81.5022,1011.8,4.0,58.5,Urban,68638,11,5.679,4.1895,0.7676,18.523536363636364,73.85210000000001,Pune,,,,0.7646,WARNING,False
2026-01-21 21:00:24,3352.8,Safari Storme EX,92.5,1792.44,29.1,44.6,98.1579,-0.5608,14.2266,0.7338,0,0,0.0,2.445,0.0,Aggressive,26.3068,Drizzle,Drizzle,79.2,6.3976,81.491,1011.8,4.0,58.5,Urban,68638,11,5.679,4.1895,0.7676,18.52678269230769,73.84797692307691,Pune,,,,0.7646,WARNING,False
2026-01-21 21:00:27,3355.2,Safari Storme EX,92.0,1540.04,27.5,44.7,79.846,-0.6105,14.168,0.7382,0,0,0.0,1.888,0.0,Aggressive,26.2984,Drizzle,Drizzle,79.2,6.3874,81.5061,1011.8,4.0,58.5,Urban,68638,11,5.679,4.1895,0.7676,18.519890384615387,73.84974903846154,Pune,,,,0.7646,WARNING,False
2026-01-21 21:00:29,3357.6,Safari Storme EX,91.9,1446.92,25.1,44.8,74.8342,41.215,14.1498,0.7561,0,0,0.0,2.513,0.0,Aggressive,26.3105,Drizzle,Drizzle,79.2,6.4003,81.5004,1011.8,4.0,58.5,Urban,68638,11,5.679,4.1895,0.7676,18.519929411764707,73.84778235294118,Pune,,,,0.7646,WARNING,False
2026-01-21 21:00:32,3360.0,Safari Storme EX,91.8,1342.62,19.9,43.7,75.9166,47.6439,14.1277,0.7253,0,0,0.0,3.553,0.0,Aggressive,26.308,Drizzle,Drizzle,79.2,6.3923,81.4917,1011.8,4.0,58.5,Urban,68638,11,5.6789,4.1895,0.7676,18.52003076923077,73.84736153846154,Pune,,,,0.7646,WARNING,False
2026-01-21 21:00:34,3362.4,Safari Storme EX,92.7,1512.53,20.5,43.3,65.2,8.3167,14.2187,0.7339,0,0,0.0,4.112,0.0,Smooth,26.2964,Drizzle,Drizzle,79.2,6.4037,81.505,1011.8,4.0,58.5,Urban,68638,11,5.6789,4.1895,0.7676,18.524123529411764,73.83852941176471,Pune,,,,0.7646,WARNING,False
2026-01-21 21:00:36,3364.8,Safari Storme EX,92.2,1478.75,22.4,40.6,84.8106,14.3812,14.1705,0.7501,0,0,0.0,3.196,0.0,Aggressive,26.3036,Drizzle,Drizzle,79.2,6.3938,81.4987,1011.8,4.0,58.5,Urban,68638,11,5.6789,4.1895,0.7676,18.527095833333334,73.8528,Pune,,,,0.7646,WARNING,False
2026-01-21 21:00:39,3367.2,Safari Storme EX,91.9,1471.94,24.1,45.9,89.915,-0.1029,14.1635,0.7444,0,0,0.0,2.238,0.0,Aggressive,26.3057,Drizzle,Drizzle,79.2,6.392,81.4887,1011.8,4.0,58.5,Urban,68638,11,5.6789,4.1894,0.7676,18.5264900990099,73.85299405940594,Pune,,,,0.7646,WARNING,False
2026-01-21 21:00:41,3369.6,Safari Storme EX,91.9,1493.19,25.4,41.2,88.6505,52.3564,14.1182,0.7245,0,0,0.0,2.331,0.0,Aggressive,26.3062,Drizzle,Drizzle,79.2,6.4026,81.503,1011.8,4.0,58.5,Urban,68638,11,5.6789,4.1894,0.7676,18.52510824742268,73.85428041237114,Pune,,,,0.7646,WARNING,False
2026-01-21 21:00:44,3372.0,Safari Storme EX,92.8,1601.97,27.4,40.5,76.8202,46.8922,14.1021,0.7511,0,0,0.0,2.661,0.0,Aggressive,26.3221,Drizzle,Drizzle,79.2,6.4058,81.487,1011.8,4.0,58.5,Urban,68638,11,5.6789,4.1894,0.7676,18.5198,73.84047938144329,Pune,,,,0.7646,WARNING,False
2026-01-21 21:00:46,3374.4,Safari Storme EX,92.5,1549.32,33.0,43.7,93.4269,44.8755,14.1419,0.7391,0,0,0.0,4.088,0.0,Aggressive,26.3027,Drizzle,Drizzle,79.2,6.3761,81.509,1011.8,4.0,58.5,Urban,68638,11,5.6788,4.1894,0.7676,18.523913725490196,73.85833431372549,Pune,,,,0.7646,WARNING,False
2026-01-21 21:00:48,3376.8,Safari Storme EX,92.6,750.0,0.4,45.9,86.3702,0.2192,14.1795,0.7444,0,0,1.0,12.576,0.0,Stop-and-Go,26.299,Drizzle,Drizzle,79.2,6.4185,81.5054,1011.8,4.0,58.5,Urban,68638,11,5.6788,4.1894,0.7676,18.522640594059407,73.85356435643564,Pune,,,,0.7646,WARNING,False
2026-01-21 21:00:51,3379.2,Safari Storme EX,92.1,796.59,2.4,46.3,70.588,20.7901,14.1123,0.7381,0,0,0.0,15.173,0.0,Stop-and-Go,26.2855,Drizzle,Drizzle,79.2,6.4051,81.4971,1011.8,4.0,58.5,Urban,68638,11,5.6788,4.1894,0.7676,18.517791346153846,73.85019326923077,Pune,,,,0.7646,WARNING,False
2026-01-21 21:00:53,3381.6,Safari Storme EX,92.1,947.43,11.3,40.7,78.8731,52.5997,14.2087,0.7357,0,0,0.0,14.691,0.0,Aggressive,26.2988,Drizzle,Drizzle,79.2,6.4092,81.4895,1011.8,4.0,58.5,Urban,68638,11,5.6788,4.1894,0.7676,18.514659782608696,73.85405652173914,Pune,,,,0.7646,WARNING,False
2026-01-21 21:00:56,3384.0,Safari Storme EX,91.8,1392.22,19.7,44.6,96.1717,-0.4566,14.2161,0.7338,0,0,0.0,13.4,0.0,Aggressive,26.299,Drizzle,Drizzle,79.2,6.4036,81.5049,1011.8,4.0,58.5,Urban,68638,11,5.6788,4.1894,0.7677,18.52962115384615,73.84936153846154,Pune,,,,0.7649,WARNING,False
2026-01-21 21:00:58,3386.4,Safari Storme EX,91.5,1437.64,15.8,41.9,67.8786,8.2914,14.24,0.7372,0,0,0.0,8.356,0.0,Smooth,26.2973,Drizzle,Drizzle,79.2,6.4399,81.5008,1011.8,4.0,58.5,Urban,68638,11,5.6788,4.1894,0.7677,18.515169306930694,73.84783861386138,Pune,,,,0.7649,WARNING,False
2026-01-21 21:01:00,3388.8,Safari Storme EX,92.5,839.18,1.9,46.3,74.5653,39.1357,14.1483,0.7381,0,0,1.0,7.946,0.0,Stop-and-Go,26.3006,Drizzle,Drizzle,79.2,6.4122,81.4897,1011.8,4.0,58.5,Urban,68638,11,5.6788,4.1894,0.7677,18.515252884615386,73.84608557692309,Pune,,,,0.7649,WARNING,False
2026-01-21 21:01:03,3391.2,Safari Storme EX,91.9,799.35,1.1,48.0,69.7369,42.0551,14.186,0.7359,0,0,0.0,8.28,0.0,Stop-and-Go,26.2994,Drizzle,Drizzle,79.2,6.3979,81.4877,1011.8,4.0,58.5,Urban,68638,11,5.6787,4.1894,0.7677,18.51563725490196,73.84642058823529,Pune,,,,0.7649,WARNING,False
2026-01-21 21:01:05,3393.6,Safari Storme EX,92.3,750.0,0.0,45.5,83.4282,51.5278,14.1534,0.7172,0,0,0.0,9.302,0.1,Stop-and-Go,26.3061,Drizzle,Drizzle,79.2,6.4026,81.5061,1011.8,4.0,58.5,Urban,68638,11,5.6787,4.1894,0.7677,18.516160396039602,73.85481485148516,Pune,,,,0.7649,WARNING,False
2026-01-21 21:01:08,3396.0,Safari Storme EX,91.6,864.88,0.1,40.9,81.0261,48.4936,14.2414,0.7204,0,0,0.0,6.764,0.1,Stop-and-Go,26.2891,Drizzle,Drizzle,79.2,6.3954,81.4895,1011.8,4.0,58.5,Urban,68638,11,5.6787,4.1894,0.7677,18.520568571428573,73.84613142857143,Pune,,,,0.7649,WARNING,False
2026-01-21 21:01:10,3398.4,Safari Storme EX,92.2,750.0,0.1,42.7,86.7324,53.5634,14.1557,0.7343,0,0,0.0,0.835,0.1,Stop-and-Go,26.3076,Drizzle,Drizzle,79.2,6.3974,81.5224,1011.8,4.0,58.5,Urban,68638,11,5.6787,4.1893,0.7677,18.518123076923075,73.85443076923077,Pune,,,,0.7649,WARNING,False
2026-01-21 21:01:12,3400.8,Safari Storme EX,91.6,866.08,0.0,46.4,87.4435,46.1387,14.1946,0.7347,0,0,0.0,0.472,0.2,Stop-and-Go,26.3171,Drizzle,Drizzle,79.2,6.4035,81.493,1011.8,4.0,58.5,Urban,68638,11,5.6787,4.1893,0.7677,18.52177894736842,73.84759473684211,Pune,,,,0.7649,WARNING,False
2026-01-21 21:01:15,3403.2,Safari Storme EX,91.6,852.93,1.6,46.3,74.3743,39.9906,14.1842,0.7381,0,0,0.0,0.695,0.2,Stop-and-Go,26.3038,Drizzle,Drizzle,79.2,6.4114,81.4805,1011.8,4.0,58.5,Urban,68638,11,5.6787,4.1893,0.7677,18.515252884615386,73.84608557692309,Pune,,,,0.7649,WARNING,False
2026-01-21 21:01:17,3405.6,Safari Storme EX,92.5,750.0,1.1,44.4,80.5031,52.4679,14.1141,0.7383,0,0,0.0,0.726,0.2,Stop-and-Go,26.3028,Drizzle,Drizzle,79.2,6.3897,81.506,1011.8,4.0,58.5,Urban,68638,11,5.6786,4.1893,0.7677,18.52154387755102,73.85220612244898,Pune,,,,0.7649,WARNING,False
2026-01-21 21:01:20,3408.0,Safari Storme EX,92.3,772.68,0.0,40.3,82.903,48.6664,14.1406,0.7489,0,0,0.0,0.744,0.3,Stop-and-Go,26.3012,Drizzle,Drizzle,79.2,6.4104,81.4973,1011.8,4.0,58.5,Urban,68638,11,5.6786,4.1893,0.7677,18.524250476190478,73.85642,Pune,,,,0.7649,WARNING,False
2026-01-21 21:01:22,3410.4,Safari Storme EX,91.6,825.4,1.1,44.2,69.8942,43.9518,14.111,0.7255,0,0,0.0,0.723,0.3,Stop-and-Go,26.2984,Drizzle,Drizzle,79.2,6.3981,81.4889,1011.8,4.0,58.5,Urban,68638,11,5.6786,4.1893,0.7677,18.519401923076924,73.84338269230769,Pune,,,,0.7649,WARNING,False
2026-01-21 21:01:24,3412.8,Safari Storme EX,92.1,883.28,0.0,45.9,89.8789,-0.431,14.0986,0.7444,0,0,0.0,0.723,0.4,Stop-and-Go,26.2917,Drizzle,Drizzle,79.2,6.3966,81.4989,1011.8,4.0,58.5,Urban,68638,11,5.6786,4.1893,0.7677,18.52841485148515,73.8527089108911,Pune,,,,0.7649,WARNING,False
2026-01-21 21:01:27,3415.2,Safari Storme EX,92.0,762.11,0.0,42.5,56.5534,-0.3976,14.1607,0.7595,0,0,0.0,0.602,0.5,Stop-and-Go,26.3096,Drizzle,Drizzle,79.2,6.3938,81.5081,1011.8,4.0,58.5,Urban,68638,11,5.6786,4.1893,0.7677,18.523433333333333,73.84787254901961,Pune,,,,0.7649,WARNING,False
2026-01-21 21:01:29,3417.6,Safari Storme EX,92.1,750.0,0.0,44.7,83.2113,0.1506,14.1359,0.7382,0,0,0.0,0.492,0.5,Stop-and-Go,26.2948,Drizzle,Drizzle,79.2,6.3976,81.5011,1011.8,4.0,58.5,Urban,68638,11,5.6786,4.1893,0.7677,18.521228846153846,73.85180288461538,Pune,,,,0.7649,WARNING,False
2026-01-21 21:01:32,3420.0,Safari Storme EX,91.6,860.17,0.4,43.9,87.8378,49.5212,14.2089,0.7369,0,0,0.0,0.48,0.5,Stop-and-Go,26.3033,Drizzle,Drizzle,79.2,6.4072,81.481,1011.8,4.0,58.5,Urban,68638,11,5.6786,4.1893,0.7677,18.520934736842104,73.84831789473684,Pune,,,,0.7649,WARNING,False
2026-01-21 21:01:34,3422.4,Safari Storme EX,92.4,804.75,2.3,45.8,88.6895,54.878,14.1173,0.7299,0,0,0.0,0.999,0.5,Stop-and-Go,26.2928,Drizzle,Drizzle,79.2,6.4031,81.5079,1011.8,4.0,58.5,Urban,68638,11,5.6785,4.1893,0.7677,18.51790842105263,73.85589052631579,Pune,,,,0.7649,WARNING,False
2026-01-21 21:01:36,3424.8,Safari Storme EX,92.3,879.01,7.2,40.6,98.3321,25.8435,14.0627,0.7286,0,0,0.0,3.07,0.4,Aggressive,26.2896,Drizzle,Drizzle,79.2,6.4103,81.5147,1011.8,4.0,58.5,Urban,68638,11,5.6785,4.1893,0.7677,18.512714563106798,73.85034368932038,Pune,,,,0.7649,WARNING,False
2026-01-21 21:01:39,3427.2,Safari Storme EX,92.6,900.75,9.4,46.4,87.3244,46.1059,14.1348,0.7347,0,0,0.0,4.218,0.4,Aggressive,26.2872,Drizzle,Drizzle,79.2,6.3883,81.4912,1011.8,4.0,58.5,Urban,68638,11,5.6785,4.1893,0.7677,18.52177894736842,73.84759473684211,Pune,,,,0.7649,WARNING,False
2026-01-21 21:01:41,3429.6,Safari Storme EX,90.8,1467.61,16.5,45.9,90.632,27.6551,14.0802,0.7353,0,0,0.0,6.356,0.4,Aggressive,26.3039,Drizzle,Drizzle,79.2,6.399,81.4948,1011.8,4.0,58.5,Urban,68638,11,5.6785,4.1892,0.7677,18.52570206185567,73.85032164948453,Pune,,,,0.7649,WARNING,False
2026-01-21 21:01:44,3432.0,Safari Storme EX,91.6,1436.76,16.2,47.0,54.4237,0.3035,14.1535,0.7399,0,0,0.0,6.076,0.3,Smooth,26.3055,Drizzle,Drizzle,79.2,6.4021,81.4939,1011.8,4.0,58.5,Urban,68638,11,5.6785,4.1892,0.7677,18.526028712871287,73.8474405940594,Pune,,,,0.7649,WARNING,False
2026-01-21 21:01:46,3434.4,Safari Storme EX,92.0,1336.95,21.1,44.7,78.7681,-1.6045,14.16,0.7382,0,0,0.0,5.676,0.3,Aggressive,26.3052,Drizzle,Drizzle,79.2,6.4078,81.499,1011.8,4.0,58.5,Urban,68638,11,5.6785,4.1892,0.7677,18.519890384615387,73.84974903846154,Pune,,,,0.7649,WARNING,False
2026-01-21 21:01:48,3436.8,Safari Storme EX,91.7,1500.31,19.1,44.9,97.7787,56.7367,14.1647,0.7295,0,0,0.0,4.428,0.2,Aggressive,26.305,Drizzle,Drizzle,79.2,6.3834,81.4795,1011.8,4.0,58.5,Urban,68638,11,5.6785,4.1892,0.7677,18.51403,73.851492,Pune,,,,0.7649,WARNING,False
2026-01-21 21:01:51,3439.2,Safari Storme EX,92.1,913.7,14.9,44.6,71.0065,42.5475,14.2176,0.7304,0,0,0.0,2.498,0.1,Aggressive,26.296,Drizzle,Drizzle,79.2,6.4081,81.4929,1011.8,4.0,58.5,Urban,68638,11,5.6784,4.1892,0.7677,18.521509473684212,73.84780105263158,Pune,,,,0.7649,WARNING,False
2026-01-21 21:01:53,3441.6,Safari Storme EX,91.5,1473.14,22.6,47.2,67.6742,0.856,14.1923,0.735,0,0,0.0,3.232,0.0,Smooth,26.2947,Drizzle,Drizzle,79.2,6.3769,81.4975,1011.8,4.0,58.5,Urban,68638,11,5.6784,4.1892,0.7677,18.520567346938776,73.8500581632653,Pune,,,,0.7649,WARNING,False
2026-01-21 21:01:56,3444.0,Safari Storme EX,91.2,1369.29,19.3,43.7,83.8985,53.4548,14.1601,0.7253,0,0,0.0,2.893,0.0,Aggressive,26.3026,Drizzle,Drizzle,79.2,6.4076,81.5049,1011.8,4.0,58.5,Urban,68638,11,5.6784,4.1892,0.7677,18.5185010989011,73.85115934065934,Pune,,,,0.7649,WARNING,False
2026-01-21 21:01:58,3446.4,Safari Storme EX,92.1,821.98,13.8,47.0,62.7793,1.1298,14.1718,0.7399,0,0,0.0,3.581,0.0,Smooth,26.3113,Drizzle,Drizzle,79.2,6.4067,81.5003,1011.8,4.0,58.5,Urban,68638,11,5.6784,4.1892,0.7677,18.524745544554456,73.84637128712872,Pune,,,,0.7649,WARNING,False
2026-01-21 21:02:00,3448.8,Safari Storme EX,91.6,879.49,12.8,42.5,56.3015,0.3444,14.1506,0.7595,0,0,0.0,4.136,0.0,Smooth,26.296,Drizzle,Drizzle,79.2,6.387,81.5096,1011.8,4.0,58.5,Urban,68638,11,5.6784,4.1892,0.7677,18.523433333333333,73.84787254901961,Pune,,,,0.7649,WARNING,False
2026-01-21 21:02:03,3451.2,Safari Storme EX,92.1,1205.91,17.5,40.6,87.3338,14.7674,14.1129,0.7501,0,0,0.0,4.018,0.0,Aggressive,26.3025,Drizzle,Drizzle,79.2,6.3967,81.5018,1011.8,4.0,58.5,Urban,68638,11,5.6784,4.1892,0.7677,18.527095833333334,73.8528,Pune,,,,0.7649,WARNING,False
2026-01-21 21:02:05,3453.6,Safari Storme EX,91.8,1495.25,15.2,42.9,66.042,37.0942,14.1746,0.7344,0,0,0.0,2.668,0.0,Smooth,26.3174,Drizzle,Drizzle,79.2,6.4105,81.5013,1011.8,4.0,58.5,Urban,68638,11,5.6783,4.1892,0.7677,18.528045161290322,73.85997741935483,Pune,,,,0.7649,WARNING,False
2026-01-21 21:02:08,3456.0,Safari Storme EX,92.3,1560.65,23.8,46.4,81.0765,18.8007,14.1476,0.7347,0,0,0.0,4.384,0.0,Aggressive,26.2969,Drizzle,Drizzle,79.2,6.3973,81.5015,1011.8,4.0,58.5,Urban,68638,11,5.6783,4.1892,0.7677,18.52299157894737,73.85173789473684,Pune,,,,0.7649,WARNING,False
2026-01-21 21:02:10,3458.4,Safari Storme EX,90.9,1603.28,28.1,42.3,89.3042,14.5877,14.1872,0.742,0,0,0.0,6.321,0.0,Aggressive,26.2928,Drizzle,Drizzle,79.2,6.3858,81.499,1011.8,4.0,58.5,Urban,68638,11,5.6783,4.1892,0.7677,18.52353,73.850439,Pune,,,,0.7649,WARNING,False
2026-01-21 21:02:12,3460.8,Safari Storme EX,91.5,1599.34,26.2,40.7,80.9326,51.0547,14.1715,0.7357,0,0,0.0,5.578,0.0,Aggressive,26.3036,Drizzle,Drizzle,79.2,6.4004,81.5056,1011.8,4.0,58.5,Urban,68638,11,5.6783,4.1892,0.7677,18.514659782608696,73.85405652173914,Pune,,,,0.7649,WARNING,False
2026-01-21 21:02:15,3463.2,Safari Storme EX,92.5,1664.24,31.9,43.7,92.96,45.5105,14.1472,0.7391,0,0,0.0,6.248,0.0,Aggressive,26.3053,Drizzle,Drizzle,79.2,6.4036,81.4979,1011.8,4.0,58.5,Urban,68638,11,5.6783,4.1891,0.7677,18.523913725490196,73.85833431372549,Pune,,,,0.7649,WARNING,False
2026-01-21 21:02:17,3465.6,Safari Storme EX,92.4,1647.23,31.1,45.9,88.6038,1.8358,14.116,0.7444,0,0,0.0,3.371,0.0,Aggressive,26.2934,Drizzle,Drizzle,79.2,6.3957,81.5046,1011.8,4.0,58.5,Urban,68638,11,5.6783,4.1891,0.7677,18.5264900990099,73.85299405940594,Pune,,,,0.7649,WARNING,False
2026-01-21 21:02:20,3468.0,Safari Storme EX,92.0,1801.39,32.6,43.7,92.6895,20.0859,14.1771,0.7391,0,0,0.0,2.722,0.0,Aggressive,26.3081,Drizzle,Drizzle,79.2,6.3913,81.4946,1011.8,4.0,58.5,Urban,68638,11,5.6783,4.1891,0.7677,18.52654901960784,73.85292254901961,Pune,,,,0.7649,WARNING,False
2026-01-21 21:02:22,3470.4,Safari Storme EX,91.3,1646.89,33.7,44.6,97.1451,-0.7714,14.2613,0.7338,0,0,0.0,2.901,0.0,Aggressive,26.3047,Drizzle,Drizzle,79.2,6.4177,81.4808,1011.8,4.0,58.5,Urban,68638,11,5.6782,4.1891,0.7677,18.527728846153845,73.84843846153846,Pune,,,,0.7649,WARNING,False
2026-01-21 21:02:24,3472.8,Safari Storme EX,91.8,1555.84,28.5,41.9,89.658,53.8363,14.2249,0.726,0,0,0.0,1.959,0.0,Aggressive,26.2974,Drizzle,Drizzle,79.2,6.397,81.5017,1011.8,4.0,58.5,Urban,68638,11,5.6782,4.1891,0.7677,18.52522842105263,73.8492947368421,Pune,,,,0.7649,WARNING,False
2026-01-21 21:02:27,3475.2,Safari Storme EX,91.5,1378.81,21.3,41.3,63.1113,30.9385,14.082,0.7434,0,0,0.0,4.951,0.0,Smooth,26.3008,Drizzle,Drizzle,79.2,6.4072,81.4956,1011.8,4.0,58.5,Urban,68638,11,5.6782,4.1891,0.7677,18.520573469387756,73.84334489795918,Pune,,,,0.7649,WARNING,False
2026-01-21 21:02:29,3477.6,Safari Storme EX,92.2,1311.49,16.0,47.0,54.8962,-0.6619,14.1435,0.7399,0,0,0.0,7.588,0.0,Smooth,26.2822,Drizzle,Drizzle,79.2,6.3887,81.4859,1011.8,4.0,58.5,Urban,68638,11,5.6782,4.1891,0.7677,18.526028712871287,73.8474405940594,Pune,,,,0.7649,WARNING,False
2026-01-21 21:02:32,3480.0,Safari Storme EX,92.3,1392.02,19.8,40.7,88.0659,53.6176,14.1818,0.7357,0,0,0.0,7.127,0.0,Aggressive,26.3041,Drizzle,Drizzle,79.2,6.3835,81.4929,1011.8,4.0,58.5,Urban,68638,11,5.6782,4.1891,0.7677,18.51849456521739,73.85061304347826,Pune,,,,0.7649,WARNING,False
2026-01-21 21:02:34,3482.4,Safari Storme EX,91.0,1498.77,24.0,40.7,79.7649,52.5393,14.1854,0.7357,0,0,0.0,4.678,0.0,Aggressive,26.2964,Drizzle,Drizzle,79.2,6.3999,81.5103,1011.8,4.0,58.5,Urban,68638,11,5.6782,4.1891,0.7677,18.514659782608696,73.85405652173914,Pune,,,,0.7649,WARNING,False
2026-01-21 21:02:36,3484.8,Safari Storme EX,92.5,1641.4,27.8,42.7,86.0428,52.9121,14.1689,0.7343,0,0,0.0,4.436,0.0,Aggressive,26.2976,Drizzle,Drizzle,79.2,6.4083,81.4882,1011.8,4.0,58.5,Urban,68638,11,5.6782,4.1891,0.7677,18.517684615384614,73.85544615384616,Pune,,,,0.7649,WARNING,False
2026-01-21 21:02:39,3487.2,Safari Storme EX,91.5,1775.96,29.5,40.7,83.9189,51.6071,14.153,0.7357,0,0,0.0,5.582,0.0,Aggressive,26.3087,Drizzle,Drizzle,79.2,6.3921,81.5026,1011.8,4.0,58.5,Urban,68638,11,5.6781,4.1891,0.7677,18.517216304347826,73.85176086956523,Pune,,,,0.7649,WARNING,False
2026-01-21 21:02:41,3489.6,Safari Storme EX,91.2,1654.45,28.3,40.3,80.2054,46.7053,14.1864,0.7489,0,0,0.0,3.973,0.0,Aggressive,26.2784,Drizzle,Drizzle,79.2,6.3936,81.4957,1011.8,4.0,58.5,Urban,68638,11,5.6781,4.1891,0.7677,18.524250476190478,73.85642,Pune,,,,0.7649,WARNING,False
2026-01-21 21:02:44,3492.0,Safari Storme EX,92.2,1728.15,29.8,47.6,89.8189,32.1519,14.1712,0.7499,0,0,0.0,2.321,0.0,Aggressive,26.2965,Drizzle,Drizzle,79.2,6.3961,81.4987,1011.8,4.0,58.5,Urban,68638,11,5.6781,4.1891,0.7677,18.519808163265306,73.84981020408163,Pune,,,,0.7649,WARNING,False
2026-01-21 21:02:46,3494.4,Safari Storme EX,91.5,1500.5,23.6,41.5,65.915,40.5829,14.2092,0.7388,0,0,0.0,2.489,0.0,Smooth,26.2971,Drizzle,Drizzle,79.2,6.3914,81.4792,1011.8,4.0,58.5,Urban,68638,11,5.6781,4.189,0.7677,18.521908571428572,73.84729428571428,Pune,,,,0.7649,WARNING,False
2026-01-21 21:02:48,3496.8,Safari Storme EX,91.3,1645.31,29.3,47.1,87.1926,-0.5997,14.2261,0.7623,0,0,0.0,2.578,0.0,Aggressive,26.3008,Drizzle,Drizzle,79.2,6.4005,81.4961,1011.8,4.0,58.5,Urban,68638,11,5.6781,4.189,0.7677,18.524334615384614,73.85564615384615,Pune,,,,0.7649,WARNING,False
2026-01-21 21:02:51,3499.2,Safari Storme EX,92.3,1557.72,20.9,42.2,66.9944,37.4221,14.1517,0.7467,0,0,0.0,3.926,0.0,Smooth,26.3237,Drizzle,Drizzle,79.2,6.3928,81.4994,1011.8,4.0,58.5,Urban,68638,11,5.6781,4.189,0.7677,18.528216666666665,73.85122777777778,Pune,,,,0.7649,WARNING,False
2026-01-21 21:02:53,3501.6,Safari Storme EX,92.0,1373.38,21.0,40.1,72.9278,41.2818,14.2669,0.737,0,0,0.0,4.367,0.0,Aggressive,26.2991,Drizzle,Drizzle,79.2,6.3976,81.5066,1011.8,4.0,58.5,Urban,68638,11,5.678,4.189,0.7677,18.519682352941178,73.85307450980392,Pune,,,,0.7649,WARNING,False
2026-01-21 21:02:56,3504.0,Safari Storme EX,91.7,1587.98,25.1,47.6,88.0034,31.4371,14.131,0.7499,0,0,0.0,3.467,0.0,Aggressive,26.3046,Drizzle,Drizzle,79.2,6.3945,81.4978,1011.8,4.0,58.5,Urban,68638,11,5.678,4.189,0.7677,18.519808163265306,73.84981020408163,Pune,,,,0.7649,WARNING,False
2026-01-21 21:02:58,3506.4,Safari Storme EX,92.1,1475.11,24.2,44.1,79.5492,46.8055,14.1985,0.7481,0,0,0.0,3.46,0.0,Aggressive,26.2841,Drizzle,Drizzle,79.2,6.3985,81.4904,1011.8,4.0,58.5,Urban,68638,11,5.678,4.189,0.7677,18.520168932038835,73.84561262135922,Pune,,,,0.7649,WARNING,False
2026-01-21 21:03:00,3508.8,Safari Storme EX,91.8,1633.65,29.8,47.6,89.6796,46.875,14.1467,0.7499,0,0,0.0,3.65,0.0,Aggressive,26.3058,Drizzle,Drizzle,79.2,6.4164,81.4894,1011.8,4.0,58.5,Urban,68638,11,5.678,4.189,0.7677,18.521032653061223,73.85074081632654,Pune,,,,0.7649,WARNING,False
2026-01-21 21:03:03,3511.2,Safari Storme EX,92.4,1666.07,29.6,40.1,98.8184,10.3985,14.2379,0.7353,0,0,0.0,3.756,0.0,Aggressive,26.3169,Drizzle,Drizzle,79.2,6.405,81.5005,1011.8,4.0,58.5,Urban,68638,11,5.678,4.189,0.7678,18.5262375,73.84871249999999,Pune,,,,0.7651,WARNING,False
2026-01-21 21:03:05,3513.6,Safari Storme EX,91.3,1571.81,30.9,40.7,84.0801,51.4367,14.2268,0.7357,0,0,0.0,3.043,0.0,Aggressive,26.299,Drizzle,Drizzle,79.2,6.4078,81.5004,1011.8,4.0,58.5,Urban,68638,11,5.678,4.189,0.7678,18.517216304347826,73.85176086956523,Pune,,,,0.7651,WARNING,False
2026-01-21 21:03:08,3516.0,Safari Storme EX,91.7,1585.67,30.7,40.5,78.2027,46.2595,14.1965,0.7511,0,0,0.0,2.763,0.0,Aggressive,26.3114,Drizzle,Drizzle,79.2,6.3955,81.4924,1011.8,4.0,58.5,Urban,68638,11,5.678,4.189,0.7678,18.5198,73.84047938144329,Pune,,,,0.7651,WARNING,False
2026-01-21 21:03:10,3518.4,Safari Storme EX,91.8,1503.26,22.3,42.9,64.2029,26.6182,14.1517,0.7344,0,0,0.0,3.599,0.0,Smooth,26.2942,Drizzle,Drizzle,79.2,6.4079,81.4932,1011.8,4.0,58.5,Urban,68638,11,5.6779,4.189,0.7678,18.526625806451612,73.8570870967742,Pune,,,,0.7651,WARNING,False
2026-01-21 21:03:12,3520.8,Safari Storme EX,91.7,1572.61,24.3,40.0,92.7048,50.4442,14.1933,0.7473,0,0,0.0,3.983,0.0,Aggressive,26.2811,Drizzle,Drizzle,79.2,6.3969,81.502,1011.8,4.0,58.5,Urban,68638,11,5.6779,4.189,0.7678,18.52340769230769,73.85023365384615,Pune,,,,0.7651,WARNING,False
2026-01-21 21:03:15,3523.2,Safari Storme EX,91.1,1647.03,25.1,45.1,94.6976,12.7168,14.1712,0.7274,0,0,0.0,3.915,0.0,Aggressive,26.3042,Drizzle,Drizzle,79.2,6.3782,81.5034,1011.8,4.0,58.5,Urban,68638,11,5.6779,4.189,0.7678,18.527118367346937,73.85168979591838,Pune,,,,0.7651,WARNING,False
2026-01-21 21:03:17,3525.6,Safari Storme EX,91.2,1662.06,31.2,43.7,92.8435,32.8691,14.1164,0.7391,0,0,0.0,3.998,0.0,Aggressive,26.298,Drizzle,Drizzle,79.2,6.4238,81.4971,1011.8,4.0,58.5,Urban,68639,11,5.6779,4.1889,0.7678,18.52523137254902,73.85562843137255,Pune,,,,0.7651,WARNING,False
2026-01-21 21:03:20,3528.0,Safari Storme EX,91.8,1597.11,28.4,47.8,93.4944,37.0358,14.1317,0.7325,0,0,0.0,3.53,0.0,Aggressive,26.3026,Drizzle,Drizzle,79.2,6.4057,81.5023,1011.8,4.0,58.5,Urban,68639,11,5.6779,4.1889,0.7678,18.52601782178218,73.84575544554455,Pune,,,,0.7651,WARNING,False
2026-01-21 21:03:22,3530.4,Safari Storme EX,91.1,1531.89,23.5,46.8,65.8747,38.7078,14.1297,0.7426,0,0,0.0,3.221,0.0,Smooth,26.3006,Drizzle,Drizzle,79.2,6.4043,81.4788,1011.8,4.0,58.5,Urban,68639,11,5.6779,4.1889,0.7678,18.516407216494844,73.85439278350516,Pune,,,,0.7651,WARNING,False
2026-01-21 21:03:24,3532.8,Safari Storme EX,91.6,1423.54,23.2,44.4,83.2016,54.3099,14.1339,0.7383,0,0,0.0,3.439,0.0,Aggressive,26.3028,Drizzle,Drizzle,79.2,6.4054,81.4931,1011.8,4.0,58.5,Urban,68639,11,5.6779,4.1889,0.7678,18.52154387755102,73.85220612244898,Pune,,,,0.7651,WARNING,False
2026-01-21 21:03:27,3535.2,Safari Storme EX,92.3,1471.78,16.9,45.6,68.7794,40.4818,14.1808,0.7001,0,0,0.0,5.488,0.0,Smooth,26.2873,Drizzle,Drizzle,79.2,6.3995,81.5077,1011.8,4.0,58.5,Urban,68639,11,5.6778,4.1889,0.7678,18.528726,73.856136,Pune,,,,0.7651,WARNING,False
2026-01-21 21:03:29,3537.6,Safari Storme EX,91.4,1553.1,24.5,40.0,96.5663,25.621,14.1683,0.7473,0,0,0.0,4.137,0.0,Aggressive,26.301,Drizzle,Drizzle,79.2,6.3995,81.4824,1011.8,4.0,58.5,Urban,68639,11,5.6778,4.1889,0.7678,18.516023076923076,73.84732596153846,Pune,,,,0.7651,WARNING,False
2026-01-21 21:03:32,3540.0,Safari Storme EX,92.0,1376.65,23.6,44.6,95.1575,-0.2542,14.183,0.7338,0,0,0.0,3.079,0.0,Aggressive,26.2999,Drizzle,Drizzle,79.2,6.4004,81.4948,1011.8,4.0,58.5,Urban,68639,11,5.6778,4.1889,0.7678,18.52962115384615,73.84936153846154,Pune,,,,0.7651,WARNING,False
2026-01-21 21:03:34,3542.4,Safari Storme EX,91.8,1537.08,29.4,41.7,89.2193,53.4464,14.2271,0.7325,0,0,0.0,4.457,0.0,Aggressive,26.3174,Drizzle,Drizzle,79.2,6.399,81.4956,1011.8,4.0,58.5,Urban,68639,11,5.6778,4.1889,0.7678,18.51710303030303,73.84868484848485,Pune,,,,0.7651,WARNING,False
2026-01-21 21:03:36,3544.8,Safari Storme EX,91.6,1715.09,36.1,45.7,87.6758,5.2022,14.2254,0.734,0,0,0.0,7.147,0.0,Aggressive,26.2921,Drizzle,Drizzle,79.2,6.3922,81.5036,1011.8,4.0,58.5,Urban,68639,11,5.6778,4.1889,0.7678,18.523374736842104,73.8566547368421,Pune,,,,0.7651,WARNING,False
2026-01-21 21:03:39,3547.2,Safari Storme EX,91.1,1621.94,29.1,43.7,79.8262,49.9562,14.169,0.7253,0,0,0.0,4.973,0.0,Aggressive,26.3176,Drizzle,Drizzle,79.2,6.4102,81.4888,1011.8,4.0,58.5,Urban,68639,11,5.6778,4.1889,0.7678,18.519265934065935,73.84926043956044,Pune,,,,0.7651,WARNING,False
2026-01-21 21:03:41,3549.6,Safari Storme EX,92.5,1507.03,31.0,45.7,89.6169,6.0055,14.2156,0.734,0,0,0.0,4.478,0.0,Aggressive,26.2942,Drizzle,Drizzle,79.2,6.413,81.5157,1011.8,4.0,58.5,Urban,68639,11,5.6777,4.1889,0.7678,18.523374736842104,73.8566547368421,Pune,,,,0.7651,WARNING,False
2026-01-21 21:03:44,3552.0,Safari Storme EX,91.7,1573.94,31.2,43.3,94.9269,56.3858,14.2139,0.7445,0,0,0.0,2.809,0.0,Aggressive,26.2988,Drizzle,Drizzle,79.2,6.4106,81.5143,1011.8,4.0,58.5,Urban,68639,11,5.6777,4.1889,0.7678,18.521377570093456,73.85502429906542,Pune,,,,0.7651,WARNING,False
2026-01-21 21:03:46,3554.4,Safari Storme EX,91.6,1572.89,25.3,41.2,90.9291,51.3532,14.1459,0.7245,0,0,0.0,3.908,0.0,Aggressive,26.3138,Drizzle,Drizzle,79.2,6.3955,81.4945,1011.8,4.0,58.5,Urban,68639,11,5.6777,4.1889,0.7678,18.525034020618556,73.85655670103093,Pune,,,,0.7651,WARNING,False
2026-01-21 21:03:48,3556.8,Safari Storme EX,92.0,1586.64,26.6,45.9,93.7131,0.4466,14.1552,0.7444,0,0,0.0,2.629,0.0,Aggressive,26.3144,Drizzle,Drizzle,79.2,6.3931,81.5058,1011.8,4.0,58.5,Urban,68639,11,5.6777,4.1889,0.7678,18.530339603960396,73.85242376237625,Pune,,,,0.7651,WARNING,False
2026-01-21 21:03:51,3559.2,Safari Storme EX,92.0,1638.04,23.9,43.7,80.3876,51.1258,14.1121,0.7253,0,0,0.0,3.335,0.0,Aggressive,26.3212,Drizzle,Drizzle,79.2,6.3959,81.4877,1011.8,4.0,58.5,Urban,68639,11,5.6777,4.1888,0.7678,18.519265934065935,73.84926043956044,Pune,,,,0.7651,WARNING,False
2026-01-21 21:03:53,3561.6,Safari Storme EX,92.0,1528.28,23.7,40.3,91.0086,24.4034,14.1329,0.7581,0,0,0.0,3.062,0.0,Aggressive,26.3134,Drizzle,Drizzle,79.2,6.4051,81.4975,1011.8,4.0,58.5,Urban,68639,11,5.6777,4.1888,0.7678,18.525444554455447,73.85121584158416,Pune,,,,0.7651,WARNING,False
2026-01-21 21:03:56,3564.0,Safari Storme EX,92.4,1649.55,27.9,43.4,93.8287,55.6222,14.2003,0.7359,0,0,0.0,1.789,0.0,Aggressive,26.2937,Drizzle,Drizzle,79.2,6.4125,81.4934,1011.8,4.0,58.5,Urban,68639,11,5.6777,4.1888,0.7678,18.524433333333334,73.85130000000001,Pune,,,,0.7651,WARNING,False
2026-01-21 21:03:58,3566.4,Safari Storme EX,91.9,1481.07,22.8,43.1,58.7981,2.6469,14.218,0.7346,0,0,0.0,2.163,0.0,Smooth,26.3022,Drizzle,Drizzle,79.2,6.4085,81.4841,1011.8,4.0,58.5,Urban,68639,11,5.6776,4.1888,0.7678,18.518044329896906,73.85233711340206,Pune,,,,0.7651,WARNING,False
2026-01-21 21:04:00,3568.8,Safari Storme EX,92.4,1416.89,23.8,40.5,77.6326,45.6896,14.1594,0.7511,0,0,0.0,1.994,0.0,Aggressive,26.2902,Drizzle,Drizzle,79.2,6.4021,81.493,1011.8,4.0,58.5,Urban,68639,11,5.6776,4.1888,0.7678,18.5198,73.84047938144329,Pune,,,,0.7651,WARNING,False
2026-01-21 21:04:03,3571.2,Safari Storme EX,91.9,1595.66,31.2,45.5,78.5306,48.9292,14.1539,0.7172,0,0,0.0,3.569,0.0,Aggressive,26.2956,Drizzle,Drizzle,79.2,6.4043,81.5062,1011.8,4.0,58.5,Urban,68639,11,5.6776,4.1888,0.7678,18.507392079207918,73.85360297029703,Pune,,,,0.7651,WARNING,False
2026-01-21 21:04:05,3573.6,Safari Storme EX,92.9,1652.37,27.3,44.2,72.4268,44.1781,14.0592,0.7255,0,0,0.0,3.377,0.0,Aggressive,26.3063,Drizzle,Drizzle,79.2,6.3855,81.5074,1011.8,4.0,58.5,Urban,68639,11,5.6776,4.1888,0.7678,18.519401923076924,73.84338269230769,Pune,,,,0.7651,WARNING,False
2026-01-21 21:04:08,3576.0,Safari Storme EX,92.1,1485.83,23.4,43.9,59.9065,37.7536,14.1668,0.7339,0,0,0.0,3.54,0.0,Smooth,26.2822,Drizzle,Drizzle,79.2,6.3913,81.5093,1011.8,4.0,58.5,Urban,68639,11,5.6776,4.1888,0.7678,18.517947368421055,73.84157263157894,Pune,,,,0.7651,WARNING,False
2026-01-21 21:04:10,3578.4,Safari Storme EX,92.0,1746.56,31.3,45.7,92.9112,46.8709,14.2548,0.734,0,0,0.0,3.828,0.0,Aggressive,26.3085,Drizzle,Drizzle,79.2,6.419,81.5096,1011.8,4.0,58.5,Urban,68639,11,5.6776,4.1888,0.7678,18.523223157894737,73.85938315789474,Pune,,,,0.7651,WARNING,False
2026-01-21 21:04:12,3580.8,Safari Storme EX,91.3,1735.96,30.4,45.8,85.1241,52.3959,14.1943,0.7367,0,0,0.0,3.389,0.0,Aggressive,26.3015,Drizzle,Drizzle,79.2,6.3892,81.5073,1011.8,4.0,58.5,Urban,68639,11,5.6776,4.1888,0.7678,18.517271134020618,73.85168144329897,Pune,,,,0.7651,WARNING,False
2026-01-21 21:04:15,3583.2,Safari Storme EX,92.2,1596.52,29.7,40.9,73.2774,44.3012,14.1613,0.7204,0,0,0.0,3.174,0.0,Aggressive,26.2952,Drizzle,Drizzle,79.2,6.4062,81.4992,1011.8,4.0,58.5,Urban,68639,11,5.6775,4.1888,0.7678,18.51979142857143,73.84370857142856,Pune,,,,0.7651,WARNING,False
2026-01-21 21:04:17,3585.6,Safari Storme EX,92.5,1596.46,32.1,43.4,93.5307,55.284,14.2268,0.7359,0,0,0.0,3.464,0.0,Aggressive,26.2931,Drizzle,Drizzle,79.2,6.4044,81.4907,1011.8,4.0,58.5,Urban,68639,11,5.6775,4.1888,0.7678,18.524433333333334,73.85130000000001,Pune,,,,0.7651,WARNING,False
2026-01-21 21:04:20,3588.0,Safari Storme EX,92.7,1551.79,26.3,45.6,74.8998,39.8968,14.1665,0.7433,0,0,0.0,2.238,0.0,Aggressive,26.3116,Drizzle,Drizzle,79.2,6.4047,81.512,1011.8,4.0,58.5,Urban,68639,11,5.6775,4.1888,0.7678,18.526396,73.843636,Pune,,,,0.7651,WARNING,False
2026-01-21 21:04:22,3590.4,Safari Storme EX,91.8,1421.8,17.5,43.3,72.0812,30.6681,14.1695,0.7339,0,0,0.0,5.818,0.0,Aggressive,26.292,Drizzle,Drizzle,79.2,6.4063,81.5069,1011.8,4.0,58.5,Urban,68639,11,5.6775,4.1887,0.7678,18.52605294117647,73.84074117647059,Pune,,,,0.7651,WARNING,False
2026-01-21 21:04:24,3592.8,Safari Storme EX,92.3,1537.94,21.6,44.4,81.2306,49.6835,14.2421,0.7383,0,0,0.0,5.938,0.0,Aggressive,26.3103,Drizzle,Drizzle,79.2,6.373,81.5021,1011.8,4.0,58.5,Urban,68639,11,5.6775,4.1887,0.7678,18.516474489795918,73.85367551020408,Pune,,,,0.7651,WARNING,False
2026-01-21 21:04:27,3595.2,Safari Storme EX,92.2,1424.31,24.0,47.8,81.9647,8.4328,14.0831,0.7325,0,0,0.0,5.442,0.0,Aggressive,26.3096,Drizzle,Drizzle,79.2,6.3917,81.5095,1011.8,4.0,58.5,Urban,68639,11,5.6775,4.1887,0.7678,18.524354455445547,73.85231386138614,Pune,,,,0.7651,WARNING,False
2026-01-21 21:04:29,3597.6,Safari Storme EX,92.4,1645.68,27.3,42.7,89.4166,53.6362,14.1467,0.7343,0,0,0.0,3.937,0.0,Aggressive,26.3026,Drizzle,Drizzle,79.2,6.4022,81.4932,1011.8,4.0,58.5,Urban,68639,11,5.6774,4.1887,0.7678,18.517246153846152,73.85646153846155,Pune,,,,0.7651,WARNING,False
2026-01-21 21:04:32,3600.0,Safari Storme EX,91.7,1418.56,20.0,41.9,69.9591,37.5252,14.1502,0.7372,0,0,0.0,3.757,0.0,Smooth,26.2989,Drizzle,Drizzle,79.2,6.3988,81.4979,1011.8,4.0,58.5,Urban,68639,11,5.6774,4.1887,0.7678,18.51474158415842,73.84698316831684,Pune,,,,0.7651,WARNING,False
2026-01-21 21:04:34,3602.4,Safari Storme EX,91.3,1522.0,27.4,44.2,89.7435,7.8787,14.206,0.7566,0,0,0.0,3.324,0.0,Aggressive,26.2951,Drizzle,Drizzle,79.2,6.3982,81.5067,1011.8,4.0,58.5,Urban,68639,11,5.6774,4.1887,0.7678,18.51777142857143,73.848,Pune,,,,0.7651,WARNING,False
2026-01-21 21:04:36,3604.8,Safari Storme EX,91.8,1654.99,27.9,45.9,87.3162,0.887,14.1495,0.7444,0,0,0.0,3.352,0.0,Aggressive,26.3008,Drizzle,Drizzle,79.2,6.3729,81.4857,1011.8,4.0,58.5,Urban,68639,11,5.6774,4.1887,0.7678,18.524565346534654,73.85327920792079,Pune,,,,0.7651,WARNING,False
2026-01-21 21:04:39,3607.2,Safari Storme EX,92.0,1343.92,18.6,42.2,66.5415,36.2252,14.0938,0.7467,0,0,0.0,4.542,0.0,Smooth,26.2919,Drizzle,Drizzle,79.2,6.406,81.5083,1011.8,4.0,58.5,Urban,68639,11,5.6774,4.1887,0.7678,18.52815,73.84778333333334,Pune,,,,0.7651,WARNING,False
2026-01-21 21:04:41,3609.6,Safari Storme EX,91.7,1355.72,17.5,44.5,62.3371,33.8347,14.2254,0.7523,0,0,0.0,4.985,0.0,Smooth,26.2916,Drizzle,Drizzle,79.2,6.3901,81.4979,1011.8,4.0,58.5,Urban,68639,11,5.6774,4.1887,0.7678,18.516108653846153,73.84887211538461,Pune,,,,0.7651,WARNING,False
2026-01-21 21:04:44,3612.0,Safari Storme EX,92.0,1426.02,22.7,41.7,85.0166,50.7135,14.1862,0.7325,0,0,0.0,4.819,0.0,Aggressive,26.3147,Drizzle,Drizzle,79.2,6.3907,81.4898,1011.8,4.0,58.5,Urban,68639,11,5.6774,4.1887,0.7678,18.513709090909092,73.85285454545455,Pune,,,,0.7651,WARNING,False
2026-01-21 21:04:46,3614.4,Safari Storme EX,92.0,1554.03,30.0,43.7,91.6462,34.5323,14.1432,0.7391,0,0,0.0,5.526,0.0,Aggressive,26.2901,Drizzle,Drizzle,79.2,6.398,81.4901,1011.8,4.0,58.5,Urban,68639,11,5.6773,4.1887,0.7678,18.52523137254902,73.85562843137255,Pune,,,,0.7651,WARNING,False
2026-01-21 21:04:48,3616.8,Safari Storme EX,91.9,1500.35,19.4,43.0,22.5656,9.9901,10.5266,0.726,0,0,0.0,5.06,0.0,Stop-and-Go,26.2937,Drizzle,Drizzle,79.2,6.3906,81.5057,1011.8,4.0,58.5,Urban,68639,11,5.6773,4.1887,0.7678,18.52274433962264,73.84761509433962,Pune,,,,0.7651,WARNING,False
2026-01-21 21:04:51,3619.2,Safari Storme EX,92.1,909.17,11.6,44.2,32.0127,17.2704,14.1746,0.7216,0,0,0.0,6.785,0.0,Smooth,26.3079,Drizzle,Drizzle,79.2,6.4055,81.5007,1011.8,4.0,58.5,Urban,68639,11,5.6773,4.1887,0.7678,18.526753846153845,73.85501346153846,Pune,,,,0.7651,WARNING,False
2026-01-21 21:04:53,3621.6,Safari Storme EX,91.7,932.17,12.2,46.1,57.4207,-0.6044,14.1662,0.7431,0,0,0.0,7.676,0.0,Smooth,26.2986,Drizzle,Drizzle,79.2,6.3874,81.5027,1011.8,4.0,58.5,Urban,68639,11,5.6773,4.1886,0.7678,18.524515625,73.84715,Pune,,,,0.7651,WARNING,False
2026-01-21 21:04:56,3624.0,Safari Storme EX,92.1,777.56,10.4,44.2,31.8289,18.4083,14.1433,0.7216,0,0,0.0,8.218,0.0,Smooth,26.3091,Drizzle,Drizzle,79.2,6.4,81.5003,1011.8,4.0,58.5,Urban,68639,11,5.6773,4.1886,0.7678,18.526753846153845,73.85501346153846,Pune,,,,0.7651,WARNING,False
2026-01-21 21:04:58,3626.4,Safari Storme EX,91.9,1076.99,13.4,44.1,80.3809,43.1903,14.1882,0.7481,0,0,0.0,3.524,0.0,Aggressive,26.312,Drizzle,Drizzle,79.2,6.403,81.5021,1011.8,4.0,58.5,Urban,68639,11,5.6773,4.1886,0.7678,18.521100970873785,73.84463398058253,Pune,,,,0.7651,WARNING,False
2026-01-21 21:05:00,3628.8,Safari Storme EX,92.8,1473.01,25.6,43.7,92.9812,46.3089,14.149,0.7391,0,0,0.0,6.222,0.0,Aggressive,26.3121,Drizzle,Drizzle,79.2,6.403,81.4928,1011.8,4.0,58.5,Urban,68639,11,5.6773,4.1886,0.7678,18.523913725490196,73.85833431372549,Pune,,,,0.7651,WARNING,False
2026-01-21 21:05:03,3631.2,Safari Storme EX,92.6,1511.62,19.4,43.7,84.6032,52.6271,14.17,0.7253,0,0,0.0,6.247,0.0,Aggressive,26.2922,Drizzle,Drizzle,79.2,6.403,81.4852,1011.8,4.0,58.5,Urban,68639,11,5.6772,4.1886,0.7678,18.5185010989011,73.85115934065934,Pune,,,,0.7651,WARNING,False
2026-01-21 21:05:05,3633.6,Safari Storme EX,92.2,1295.66,15.2,42.5,59.5732,-0.8496,14.1069,0.7595,0,0,0.0,5.901,0.0,Smooth,26.3058,Drizzle,Drizzle,79.2,6.3932,81.4946,1011.8,4.0,58.5,Urban,68639,11,5.6772,4.1886,0.7678,18.513833333333334,73.8492137254902,Pune,,,,0.7651,WARNING,False
2026-01-21 21:05:08,3636.0,Safari Storme EX,91.8,1573.29,18.2,43.9,83.8958,50.1076,14.1881,0.7369,0,0,0.0,4.693,0.0,Aggressive,26.2891,Drizzle,Drizzle,79.2,6.3922,81.4899,1011.8,4.0,58.5,Urban,68639,11,5.6772,4.1886,0.7678,18.518812631578946,73.85006105263157,Pune,,,,0.7651,WARNING,False
2026-01-21 21:05:10,3638.4,Safari Storme EX,91.6,1494.84,21.4,44.7,83.315,47.5289,14.1153,0.7296,0,0,0.0,3.871,0.0,Aggressive,26.2896,Drizzle,Drizzle,79.2,6.4018,81.5143,1011.8,4.0,58.5,Urban,68639,11,5.6772,4.1886,0.7679,18.521714,73.841962,Pune,,,,0.7654,WARNING,False
2026-01-21 21:05:12,3640.8,Safari Storme EX,92.2,1514.81,23.6,41.2,97.3073,57.355,14.2159,0.7419,0,0,0.0,3.186,0.0,Aggressive,26.2954,Drizzle,Drizzle,79.2,6.3952,81.5045,1011.8,4.0,58.5,Urban,68639,11,5.6772,4.1886,0.7679,18.51343673469388,73.85042040816326,Pune,,,,0.7654,WARNING,False
2026-01-21 21:05:15,3643.2,Safari Storme EX,92.0,1601.05,23.7,47.2,69.2511,-1.2615,14.2171,0.735,0,0,0.0,3.675,0.0,Smooth,26.3019,Drizzle,Drizzle,79.2,6.3829,81.4922,1011.8,4.0,58.5,Urban,68639,11,5.6772,4.1886,0.7679,18.52061632653061,73.85184591836735,Pune,,,,0.7654,WARNING,False
2026-01-21 21:05:17,3645.6,Safari Storme EX,92.1,1525.64,26.4,45.8,85.7985,50.8307,14.2014,0.7367,0,0,0.0,3.059,0.0,Aggressive,26.2925,Drizzle,Drizzle,79.2,6.3967,81.4987,1011.8,4.0,58.5,Urban,68639,11,5.6771,4.1886,0.7679,18.517271134020618,73.85168144329897,Pune,,,,0.7654,WARNING,False
2026-01-21 21:05:20,3648.0,Safari Storme EX,91.7,1685.73,31.4,40.5,79.3496,50.5889,14.122,0.7511,0,0,0.0,3.843,0.0,Aggressive,26.2883,Drizzle,Drizzle,79.2,6.391,81.5033,1011.8,4.0,58.5,Urban,68639,11,5.6771,4.1886,0.7679,18.5198,73.84315154639175,Pune,,,,0.7654,WARNING,False
2026-01-21 21:05:22,3650.4,Safari Storme EX,92.0,1582.72,26.1,43.7,86.5351,52.7731,14.1727,0.7253,0,0,0.0,3.166,0.0,Aggressive,26.3067,Drizzle,Drizzle,79.2,6.4223,81.5022,1011.8,4.0,58.5,Urban,68639,11,5.6771,4.1886,0.7679,18.5185010989011,73.85115934065934,Pune,,,,0.7654,WARNING,False
2026-01-21 21:05:24,3652.8,Safari Storme EX,92.0,1330.31,15.0,47.0,64.3383,0.4726,14.1581,0.7399,0,0,0.0,6.014,0.0,Smooth,26.2996,Drizzle,Drizzle,79.2,6.3942,81.4939,1011.8,4.0,58.5,Urban,68639,11,5.6771,4.1885,0.7679,18.524745544554456,73.84637128712872,Pune,,,,0.7654,WARNING,False
2026-01-21 21:05:27,3655.2,Safari Storme EX,92.1,1298.06,18.1,43.9,84.2766,50.23,14.1709,0.7369,0,0,0.0,6.688,0.0,Aggressive,26.2937,Drizzle,Drizzle,79.2,6.4122,81.5059,1011.8,4.0,58.5,Urban,68639,11,5.6771,4.1885,0.7679,18.51952,73.84948,Pune,,,,0.7654,WARNING,False
2026-01-21 21:05:29,3657.6,Safari Storme EX,92.5,1513.67,21.0,44.2,76.1572,47.3152,14.1934,0.7255,0,0,0.0,6.517,0.0,Aggressive,26.3069,Drizzle,Drizzle,79.2,6.4141,81.5133,1011.8,4.0,58.5,Urban,68639,11,5.6771,4.1885,0.7679,18.519009615384615,73.84571346153847,Pune,,,,0.7654,WARNING,False
2026-01-21 21:05:32,3660.0,Safari Storme EX,91.8,1549.3,28.4,42.7,88.429,55.5058,14.1189,0.7343,0,0,0.0,5.536,0.0,Aggressive,26.3047,Drizzle,Drizzle,79.2,6.4004,81.4951,1011.8,4.0,58.5,Urban,68639,11,5.6771,4.1885,0.7679,18.517246153846152,73.85646153846155,Pune,,,,0.7654,WARNING,False
2026-01-21 21:05:34,3662.4,Safari Storme EX,92.0,1388.41,23.5,41.9,89.3683,54.4271,14.2056,0.726,0,0,0.0,5.129,0.0,Aggressive,26.2885,Drizzle,Drizzle,79.2,6.3932,81.4849,1011.8,4.0,58.5,Urban,68639,11,5.677,4.1885,0.7679,18.525177894736842,73.84992631578947,Pune,,,,0.7654,WARNING,False
2026-01-21 21:05:36,3664.8,Safari Storme EX,92.7,1527.52,18.4,42.5,61.1704,35.9887,14.0949,0.7323,0,0,0.0,4.252,0.0,Smooth,26.3059,Drizzle,Drizzle,79.2,6.3838,81.4791,1011.8,4.0,58.5,Urban,68639,11,5.677,4.1885,0.7679,18.522074999999997,73.843,Pune,,,,0.7654,WARNING,False
2026-01-21 21:05:39,3667.2,Safari Storme EX,92.3,1405.49,17.4,43.3,72.0414,29.818,14.1735,0.7339,0,0,0.0,4.416,0.0,Aggressive,26.3004,Drizzle,Drizzle,79.2,6.4045,81.5098,1011.8,4.0,58.5,Urban,68639,11,5.677,4.1885,0.7679,18.52605294117647,73.84074117647059,Pune,,,,0.7654,WARNING,False
2026-01-21 21:05:41,3669.6,Safari Storme EX,92.7,1013.3,11.4,41.1,21.6163,15.2689,14.2004,0.7301,0,0,0.0,6.441,0.0,Stop-and-Go,26.293,Drizzle,Drizzle,79.2,6.3804,81.5038,1011.8,4.0,58.5,Urban,68639,11,5.677,4.1885,0.7679,18.51797,73.850168,Pune,,,,0.7654,WARNING,False
2026-01-21 21:05:44,3672.0,Safari Storme EX,91.7,954.1,11.9,42.9,67.2957,37.1008,14.1627,0.7344,0,0,0.0,5.015,0.0,Smooth,26.3052,Drizzle,Drizzle,79.2,6.4002,81.4916,1011.8,4.0,58.5,Urban,68639,11,5.677,4.1885,0.7679,18.528045161290322,73.85997741935483,Pune,,,,0.7654,WARNING,False
2026-01-21 21:05:46,3674.4,Safari Storme EX,92.3,951.77,11.1,47.9,57.5533,4.848,14.1905,0.7473,0,0,0.0,3.553,0.0,Smooth,26.2993,Drizzle,Drizzle,79.2,6.4074,81.4941,1011.8,4.0,58.5,Urban,68639,11,5.677,4.1885,0.7679,18.52214693877551,73.84926122448981,Pune,,,,0.7654,WARNING,False
2026-01-21 21:05:48,3676.8,Safari Storme EX,92.3,1210.56,16.9,47.7,88.8172,50.2534,14.1617,0.7536,0,0,0.0,3.131,0.0,Aggressive,26.2949,Drizzle,Drizzle,79.2,6.3887,81.4996,1011.8,4.0,58.5,Urban,68639,11,5.6769,4.1885,0.7679,18.519378494623655,73.85640322580645,Pune,,,,0.7654,WARNING,False
2026-01-21 21:05:51,3679.2,Safari Storme EX,92.2,1568.41,25.6,45.7,89.6278,19.7716,14.1606,0.734,0,0,0.0,6.185,0.0,Aggressive,26.3194,Drizzle,Drizzle,79.2,6.4049,81.5138,1011.8,4.0,58.5,Urban,68639,11,5.6769,4.1885,0.7679,18.523324210526315,73.85756421052632,Pune,,,,0.7654,WARNING,False
2026-01-21 21:05:53,3681.6,Safari Storme EX,92.6,1402.29,19.2,48.0,70.6036,42.2455,14.1819,0.7359,0,0,0.0,5.908,0.0,Aggressive,26.2954,Drizzle,Drizzle,79.2,6.3742,81.5005,1011.8,4.0,58.5,Urban,68639,11,5.6769,4.1885,0.7679,18.51563725490196,73.84642058823529,Pune,,,,0.7654,WARNING,False
2026-01-21 21:05:56,3684.0,Safari Storme EX,91.1,1338.7,22.3,46.3,72.9051,30.1771,14.1516,0.7381,0,0,0.0,5.507,0.0,Aggressive,26.3023,Drizzle,Drizzle,79.2,6.4049,81.5044,1011.8,4.0,58.5,Urban,68639,11,5.6769,4.1885,0.7679,18.516522115384618,73.84813942307693,Pune,,,,0.7654,WARNING,False
2026-01-21 21:05:58,3686.4,Safari Storme EX,92.5,1353.01,17.1,42.7,53.0009,36.0645,14.0986,0.7325,0,0,0.0,3.71,0.0,Smooth,26.3129,Drizzle,Drizzle,79.2,6.4063,81.5094,1011.8,4.0,58.5,Urban,68639,11,5.6769,4.1884,0.7679,18.524419626168225,73.84655607476635,Pune,,,,0.7654,WARNING,False
2026-01-21 21:06:00,3688.8,Safari Storme EX,92.6,913.56,14.7,42.9,64.8143,25.0109,14.1519,0.7344,0,0,0.0,4.288,0.0,Smooth,26.3027,Drizzle,Drizzle,79.2,6.4096,81.4916,1011.8,4.0,58.5,Urban,68639,11,5.6769,4.1884,0.7679,18.526625806451612,73.8570870967742,Pune,,,,0.7654,WARNING,False
2026-01-21 21:06:03,3691.2,Safari Storme EX,91.9,1385.25,16.5,42.9,58.8402,5.4845,14.1184,0.7344,0,0,0.0,2.91,0.0,Smooth,26.289,Drizzle,Drizzle,79.2,6.3991,81.5032,1011.8,4.0,58.5,Urban,68639,11,5.6769,4.1884,0.7679,18.523787096774193,73.85130645161291,Pune,,,,0.7654,WARNING,False
2026-01-21 21:06:05,3693.6,Safari Storme EX,91.8,1474.22,19.8,40.7,83.8857,52.4512,14.1582,0.7357,0,0,0.0,2.985,0.0,Aggressive,26.2978,Drizzle,Drizzle,79.2,6.3898,81.485,1011.8,4.0,58.5,Urban,68639,11,5.6768,4.1884,0.7679,18.517216304347826,73.85176086956523,Pune,,,,0.7654,WARNING,False
2026-01-21 21:06:08,3696.0,Safari Storme EX,92.6,1482.41,26.7,40.5,76.4501,46.4703,14.1179,0.7511,0,0,0.0,4.698,0.0,Aggressive,26.3034,Drizzle,Drizzle,79.2,6.3963,81.4937,1011.8,4.0,58.5,Urban,68639,11,5.6768,4.1884,0.7679,18.5198,73.84047938144329,Pune,,,,0.7654,WARNING,False
2026-01-21 21:06:10,3698.4,Safari Storme EX,92.1,1575.16,26.5,47.6,89.7149,46.1625,14.1293,0.7499,0,0,0.0,5.568,0.0,Aggressive,26.2986,Drizzle,Drizzle,79.2,6.4077,81.5175,1011.8,4.0,58.5,Urban,68639,11,5.6768,4.1884,0.7679,18.521032653061223,73.85074081632654,Pune,,,,0.7654,WARNING,False
2026-01-21 21:06:12,3700.8,Safari Storme EX,92.2,1760.58,29.6,47.1,83.8476,0.8609,14.2353,0.7623,0,0,0.0,5.446,0.0,Aggressive,26.3166,Drizzle,Drizzle,79.2,6.3962,81.5051,1011.8,4.0,58.5,Urban,68639,11,5.6768,4.1884,0.7679,18.526203846153845,73.85453846153847,Pune,,,,0.7654,WARNING,False
2026-01-21 21:06:15,3703.2,Safari Storme EX,92.2,1599.9,23.7,45.6,64.5856,18.8541,14.195,0.7433,0,0,0.0,3.698,0.0,Smooth,26.3049,Drizzle,Drizzle,79.2,6.4003,81.5,1011.8,4.0,58.5,Urban,68639,11,5.6768,4.1884,0.7679,18.52198,73.84858,Pune,,,,0.7654,WARNING,False
2026-01-21 21:06:17,3705.6,Safari Storme EX,91.7,1659.91,26.8,43.3,93.5989,54.895,14.2233,0.7445,0,0,0.0,2.089,0.0,Aggressive,26.2975,Drizzle,Drizzle,79.2,6.408,81.4927,1011.8,4.0,58.5,Urban,68639,11,5.6768,4.1884,0.7679,18.519134579439253,73.85825420560748,Pune,,,,0.7654,WARNING,False
2026-01-21 21:06:20,3708.0,Safari Storme EX,91.9,1643.85,30.2,46.0,78.4796,50.458,14.1274,0.7379,0,0,0.0,2.624,0.0,Aggressive,26.3003,Drizzle,Drizzle,79.2,6.3923,81.4904,1011.8,4.0,58.5,Urban,68639,11,5.6768,4.1884,0.7679,18.510514285714287,73.85252857142858,Pune,,,,0.7654,WARNING,False
2026-01-21 21:06:22,3710.4,Safari Storme EX,91.4,1675.86,34.1,43.7,92.2861,45.6531,14.1406,0.7391,0,0,0.0,3.894,0.0,Aggressive,26.2978,Drizzle,Drizzle,79.2,6.4004,81.4903,1011.8,4.0,58.5,Urban,68639,11,5.6767,4.1884,0.7679,18.523913725490196,73.85833431372549,Pune,,,,0.7654,WARNING,False
2026-01-21 21:06:24,3712.8,Safari Storme EX,91.9,1386.64,18.3,43.0,21.5594,11.2328,10.6044,0.726,0,0,1.0,6.053,0.0,Stop-and-Go,26.3236,Drizzle,Drizzle,79.2,6.409,81.4949,1011.8,4.0,58.5,Urban,68639,11,5.6767,4.1884,0.7679,18.52274433962264,73.84761509433962,Pune,,,,0.7654,WARNING,False
2026-01-21 21:06:27,3715.2,Safari Storme EX,91.7,1479.23,21.6,44.6,96.4663,-0.1069,14.2675,0.7338,0,0,0.0,6.371,0.0,Aggressive,26.2945,Drizzle,Drizzle,79.2,6.4045,81.5171,1011.8,4.0,58.5,Urban,68639,11,5.6767,4.1884,0.7679,18.52962115384615,73.84936153846154,Pune,,,,0.7654,WARNING,False
2026-01-21 21:06:29,3717.6,Safari Storme EX,91.8,1568.95,23.2,40.3,84.8405,48.6518,14.1534,0.7567,0,0,0.0,6.488,0.0,Aggressive,26.2978,Drizzle,Drizzle,79.2,6.4208,81.5118,1011.8,4.0,58.5,Urban,68639,11,5.6767,4.1883,0.7679,18.52133009708738,73.84960388349515,Pune,,,,0.7654,WARNING,False
2026-01-21 21:06:32,3720.0,Safari Storme EX,91.4,1383.14,18.5,45.6,73.704,40.1929,14.2794,0.7433,0,0,0.0,6.47,0.0,Aggressive,26.3206,Drizzle,Drizzle,79.2,6.4012,81.5087,1011.8,4.0,58.5,Urban,68639,11,5.6767,4.1883,0.7679,18.526396,73.843636,Pune,,,,0.7654,WARNING,False
2026-01-21 21:06:34,3722.4,Safari Storme EX,92.7,1321.62,21.3,40.3,91.1753,23.2986,14.1602,0.7581,0,0,0.0,2.118,0.0,Aggressive,26.3183,Drizzle,Drizzle,79.2,6.391,81.4931,1011.8,4.0,58.5,Urban,68639,11,5.6767,4.1883,0.7679,18.525444554455447,73.85121584158416,Pune,,,,0.7654,WARNING,False
2026-01-21 21:06:36,3724.8,Safari Storme EX,92.2,891.67,14.2,46.1,46.215,-1.6365,14.1944,0.7431,0,0,0.0,3.539,0.0,Smooth,26.2998,Drizzle,Drizzle,79.2,6.4004,81.5072,1011.8,4.0,58.5,Urban,68639,11,5.6766,4.1883,0.7679,18.524740625,73.84835000000001,Pune,,,,0.7654,WARNING,False
2026-01-21 21:06:39,3727.2,Safari Storme EX,92.1,902.59,6.0,41.0,25.4615,13.0816,14.2258,0.7337,0,0,0.0,6.844,0.0,Stop-and-Go,26.2911,Drizzle,Drizzle,79.2,6.3813,81.5141,1011.8,4.0,58.5,Urban,68639,11,5.6766,4.1883,0.7679,18.514769230769232,73.85212884615385,Pune,,,,0.7654,WARNING,False
2026-01-21 21:06:41,3729.6,Safari Storme EX,91.6,1460.51,21.6,43.7,91.8501,33.6528,14.1618,0.7391,0,0,0.0,6.489,0.0,Aggressive,26.3113,Drizzle,Drizzle,79.2,6.3985,81.4836,1011.8,4.0,58.5,Urban,68639,11,5.6766,4.1883,0.7679,18.52523137254902,73.85562843137255,Pune,,,,0.7654,WARNING,False
2026-01-21 21:06:44,3732.0,Safari Storme EX,91.9,1560.92,22.2,46.3,72.1494,20.2055,14.1767,0.7381,0,0,0.0,6.991,0.0,Aggressive,26.2875,Drizzle,Drizzle,79.2,6.4018,81.4905,1011.8,4.0,58.5,Urban,68640,11,5.6766,4.1883,0.7679,18.517791346153846,73.85019326923077,Pune,,,,0.7654,WARNING,False
2026-01-21 21:06:46,3734.4,Safari Storme EX,91.9,1263.94,16.9,48.0,71.0329,43.2507,14.2096,0.7359,0,0,0.0,6.59,0.0,Aggressive,26.3025,Drizzle,Drizzle,79.2,6.4224,81.5108,1011.8,4.0,58.5,Urban,68640,11,5.6766,4.1883,0.7679,18.51563725490196,73.84642058823529,Pune,,,,0.7654,WARNING,False
2026-01-21 21:06:48,3736.8,Safari Storme EX,91.9,1495.26,20.8,41.9,88.2723,55.1628,14.1803,0.726,0,0,0.0,6.753,0.0,Aggressive,26.3096,Drizzle,Drizzle,79.2,6.4131,81.4844,1011.8,4.0,58.5,Urban,68640,11,5.6766,4.1883,0.7679,18.52522842105263,73.8492947368421,Pune,,,,0.7654,WARNING,False
2026-01-21 21:06:51,3739.2,Safari Storme EX,91.8,1774.4,29.4,43.7,93.2961,33.8622,14.1743,0.7391,0,0,0.0,4.535,0.0,Aggressive,26.2901,Drizzle,Drizzle,79.2,6.3838,81.5072,1011.8,4.0,58.5,Urban,68640,11,5.6766,4.1883,0.7679,18.52523137254902,73.85562843137255,Pune,,,,0.7654,WARNING,False
2026-01-21 21:06:53,3741.6,Safari Storme EX,91.9,1495.8,25.1,44.1,78.9225,47.5609,14.2268,0.7481,0,0,0.0,4.69,0.0,Aggressive,26.3064,Drizzle,Drizzle,79.2,6.3922,81.4939,1011.8,4.0,58.5,Urban,68640,11,5.6765,4.1883,0.7679,18.520168932038835,73.84561262135922,Pune,,,,0.7654,WARNING,False
2026-01-21 21:06:56,3744.0,Safari Storme EX,92.3,1555.39,31.9,41.2,89.6027,54.8738,14.1842,0.7419,0,0,0.0,6.125,0.0,Aggressive,26.3031,Drizzle,Drizzle,79.2,6.3985,81.5114,1011.8,4.0,58.5,Urban,68640,11,5.6765,4.1883,0.7679,18.5188,73.8466,Pune,,,,0.7654,WARNING,False
2026-01-21 21:06:58,3746.4,Safari Storme EX,92.0,1782.13,28.3,47.2,67.7848,0.89,14.0773,0.735,0,0,0.0,4.285,0.0,Smooth,26.3043,Drizzle,Drizzle,79.2,6.3785,81.4937,1011.8,4.0,58.5,Urban,68640,11,5.6765,4.1883,0.7679,18.52066530612245,73.85363367346939,Pune,,,,0.7654,WARNING,False
2026-01-21 21:07:00,3748.8,Safari Storme EX,92.0,1273.86,15.2,43.3,22.2002,15.0395,10.7081,0.7347,0,0,1.0,6.502,0.0,Stop-and-Go,26.3057,Drizzle,Drizzle,79.2,6.418,81.5033,1011.8,4.0,58.5,Urban,68640,11,5.6765,4.1882,0.7679,18.523921782178217,73.84599009900991,Pune,,,,0.7654,WARNING,False
2026-01-21 21:07:03,3751.2,Safari Storme EX,92.1,1469.69,20.5,44.9,92.6622,54.0727,14.086,0.7295,0,0,0.0,6.55,0.0,Aggressive,26.3073,Drizzle,Drizzle,79.2,6.4077,81.5248,1011.8,4.0,58.5,Urban,68640,11,5.6765,4.1882,0.7679,18.51955,73.85082,Pune,,,,0.7654,WARNING,False
2026-01-21 21:07:05,3753.6,Safari Storme EX,92.2,1401.39,23.9,45.6,92.0364,49.8894,14.0956,0.7285,0,0,0.0,6.531,0.0,Aggressive,26.2983,Drizzle,Drizzle,79.2,6.4181,81.5088,1011.8,4.0,58.5,Urban,68640,11,5.6765,4.1882,0.7679,18.52550485436893,73.85719611650485,Pune,,,,0.7654,WARNING,False
2026-01-21 21:07:08,3756.0,Safari Storme EX,91.7,1540.66,22.2,43.3,75.8702,41.3802,14.202,0.7339,0,0,0.0,4.791,0.0,Aggressive,26.3077,Drizzle,Drizzle,79.2,6.3942,81.5,1011.8,4.0,58.5,Urban,68640,11,5.6765,4.1882,0.7679,18.527017647058823,73.84184705882353,Pune,,,,0.7654,WARNING,False
2026-01-21 21:07:10,3758.4,Safari Storme EX,92.3,891.28,11.5,42.3,24.2543,7.6033,14.2133,0.7204,0,0,0.0,5.163,0.0,Stop-and-Go,26.3014,Drizzle,Drizzle,79.2,6.3921,81.4896,1011.8,4.0,58.5,Urban,68640,11,5.6764,4.1882,0.7679,18.521957,73.857474,Pune,,,,0.7654,WARNING,False
2026-01-21 21:07:12,3760.8,Safari Storme EX,92.1,1440.45,17.4,40.6,86.4307,14.5744,14.2232,0.7501,0,0,0.0,4.88,0.0,Aggressive,26.2973,Drizzle,Drizzle,79.2,6.3842,81.4856,1011.8,4.0,58.5,Urban,68640,11,5.6764,4.1882,0.7679,18.527095833333334,73.8528,Pune,,,,0.7654,WARNING,False
2026-01-21 21:07:15,3763.2,Safari Storme EX,92.1,1535.8,23.9,47.1,83.1552,-1.5143,14.1719,0.7623,0,0,0.0,5.339,0.0,Aggressive,26.3172,Drizzle,Drizzle,79.2,6.3935,81.4896,1011.8,4.0,58.5,Urban,68640,11,5.6764,4.1882,0.7679,18.52994230769231,73.85232307692307,Pune,,,,0.7654,WARNING,False
2026-01-21 21:07:17,3765.6,Safari Storme EX,92.3,1446.23,19.0,45.7,66.0125,38.4608,14.2151,0.7457,0,0,0.0,4.818,0.0,Smooth,26.3081,Drizzle,Drizzle,79.2,6.3953,81.4902,1011.8,4.0,58.5,Urban,68640,11,5.6764,4.1882,0.768,18.527592,73.854056,Pune,,,,0.7657,WARNING,False
2026-01-21 21:07:20,3768.0,Safari Storme EX,92.1,1585.05,21.9,44.7,72.472,1.2109,14.1583,0.7382,0,0,0.0,4.767,0.0,Aggressive,26.2984,Drizzle,Drizzle,79.2,6.3944,81.5119,1011.8,4.0,58.5,Urban,68640,11,5.6764,4.1882,0.768,18.51721346153846,73.84564134615385,Pune,,,,0.7657,WARNING,False
2026-01-21 21:07:22,3770.4,Safari Storme EX,92.0,1403.71,18.4,44.9,63.624,3.4477,14.0933,0.7459,0,0,0.0,2.696,0.0,Smooth,26.2937,Drizzle,Drizzle,79.2,6.3885,81.4949,1011.8,4.0,58.5,Urban,68640,11,5.6764,4.1882,0.768,18.523591999999997,73.838732,Pune,,,,0.7657,WARNING,False
2026-01-21 21:07:24,3772.8,Safari Storme EX,91.4,1540.97,25.7,45.7,88.7481,19.7441,14.1572,0.734,0,0,0.0,3.124,0.0,Aggressive,26.2963,Drizzle,Drizzle,79.2,6.3955,81.5,1011.8,4.0,58.5,Urban,68640,11,5.6763,4.1882,0.768,18.523324210526315,73.85756421052632,Pune,,,,0.7657,WARNING,False
2026-01-21 21:07:27,3775.2,Safari Storme EX,91.9,889.65,14.8,42.3,20.7543,11.0811,14.1241,0.7204,0,0,0.0,4.083,0.0,Stop-and-Go,26.3173,Drizzle,Drizzle,79.2,6.3879,81.5042,1011.8,4.0,58.5,Urban,68640,11,5.6763,4.1882,0.768,18.520301,73.860882,Pune,,,,0.7657,WARNING,False
2026-01-21 21:07:29,3777.6,Safari Storme EX,92.1,1524.63,22.7,46.0,78.2584,49.356,14.0983,0.7379,0,0,0.0,4.199,0.0,Aggressive,26.3188,Drizzle,Drizzle,79.2,6.4011,81.5036,1011.8,4.0,58.5,Urban,68640,11,5.6763,4.1882,0.768,18.510514285714287,73.85252857142858,Pune,,,,0.7657,WARNING,False
2026-01-21 21:07:32,3780.0,Safari Storme EX,91.9,1676.31,26.3,44.9,90.1452,54.7966,14.104,0.7295,0,0,0.0,4.914,0.0,Aggressive,26.3019,Drizzle,Drizzle,79.2,6.4215,81.5027,1011.8,4.0,58.5,Urban,68640,11,5.6763,4.1882,0.768,18.52231,73.850484,Pune,,,,0.7657,WARNING,False
2026-01-21 21:07:34,3782.4,Safari Storme EX,91.8,1690.78,30.1,45.1,92.8206,39.5499,14.2267,0.7274,0,0,0.0,5.738,0.0,Aggressive,26.3066,Drizzle,Drizzle,79.2,6.3964,81.5091,1011.8,4.0,58.5,Urban,68640,11,5.6763,4.1881,0.768,18.521485714285713,73.85668571428572,Pune,,,,0.7657,WARNING,False
2026-01-21 21:07:36,3784.8,Safari Storme EX,91.5,1557.92,24.8,41.4,81.0159,47.1705,14.155,0.7272,0,0,0.0,5.682,0.0,Aggressive,26.2865,Drizzle,Drizzle,79.2,6.3937,81.5041,1011.8,4.0,58.5,Urban,68640,11,5.6763,4.1881,0.768,18.524340816326532,73.85383061224489,Pune,,,,0.7657,WARNING,False
2026-01-21 21:07:39,3787.2,Safari Storme EX,92.7,1497.9,21.1,42.2,68.1912,39.2952,14.1902,0.7467,0,0,0.0,3.473,0.0,Smooth,26.288,Drizzle,Drizzle,79.2,6.4221,81.4986,1011.8,4.0,58.5,Urban,68640,11,5.6763,4.1881,0.768,18.528283333333334,73.85467222222222,Pune,,,,0.7657,WARNING,False
2026-01-21 21:07:41,3789.6,Safari Storme EX,92.2,1576.75,20.6,40.9,81.4058,48.1067,14.1724,0.7204,0,0,0.0,3.919,0.0,Aggressive,26.2983,Drizzle,Drizzle,79.2,6.4171,81.5088,1011.8,4.0,58.5,Urban,68640,11,5.6762,4.1881,0.768,18.520568571428573,73.84613142857143,Pune,,,,0.7657,WARNING,False
2026-01-21 21:07:44,3792.0,Safari Storme EX,92.1,1517.05,22.4,40.9,73.2408,42.7605,14.1587,0.7204,0,0,0.0,3.879,0.0,Aggressive,26.3091,Drizzle,Drizzle,79.2,6.3914,81.4973,1011.8,4.0,58.5,Urban,68640,11,5.6762,4.1881,0.768,18.51979142857143,73.84370857142856,Pune,,,,0.7657,WARNING,False
2026-01-21 21:07:46,3794.4,Safari Storme EX,92.1,1551.4,22.4,43.1,66.7891,37.9182,14.1524,0.7193,0,0,0.0,1.627,0.0,Smooth,26.3077,Drizzle,Drizzle,79.2,6.389,81.5089,1011.8,4.0,58.5,Urban,68640,11,5.6762,4.1881,0.768,18.517464150943397,73.84371603773585,Pune,,,,0.7657,WARNING,False
2026-01-21 21:07:48,3796.8,Safari Storme EX,91.5,1685.29,27.3,40.6,100.0321,2.4892,14.0877,0.7286,0,0,0.0,2.66,0.0,Aggressive,26.3158,Drizzle,Drizzle,79.2,6.4027,81.4896,1011.8,4.0,58.5,Urban,68640,11,5.6762,4.1881,0.768,18.509312621359225,73.84493786407766,Pune,,,,0.7657,WARNING,False
2026-01-21 21:07:51,3799.2,Safari Storme EX,92.3,1636.98,26.5,45.9,89.9262,41.0883,14.1077,0.7353,0,0,0.0,2.902,0.0,Aggressive,26.3331,Drizzle,Drizzle,79.2,6.4049,81.4961,1011.8,4.0,58.5,Urban,68640,11,5.6762,4.1881,0.768,18.52468762886598,73.85047010309279,Pune,,,,0.7657,WARNING,False
2026-01-21 21:07:53,3801.6,Safari Storme EX,92.6,1577.31,26.8,44.2,75.9273,45.4528,14.1343,0.7255,0,0,0.0,2.463,0.0,Aggressive,26.3064,Drizzle,Drizzle,79.2,6.3977,81.4874,1011.8,4.0,58.5,Urban,68640,11,5.6762,4.1881,0.768,18.519009615384615,73.84571346153847,Pune,,,,0.7657,WARNING,False
2026-01-21 21:07:56,3804.0,Safari Storme EX,92.4,1629.52,26.8,42.7,83.9847,50.5772,14.1733,0.7343,0,0,0.0,2.011,0.0,Aggressive,26.2929,Drizzle,Drizzle,79.2,6.3752,81.4804,1011.8,4.0,58.5,Urban,68640,11,5.6762,4.1881,0.768,18.518561538461537,73.85341538461539,Pune,,,,0.7657,WARNING,False
2026-01-21 21:07:58,3806.4,Safari Storme EX,91.9,1500.93,23.0,44.9,64.2314,22.0517,14.2088,0.7459,0,0,0.0,1.746,0.0,Smooth,26.2927,Drizzle,Drizzle,79.2,6.3952,81.522,1011.8,4.0,58.5,Urban,68640,11,5.6761,4.1881,0.768,18.525128,73.846988,Pune,,,,0.7657,WARNING,False
2026-01-21 21:08:00,3808.8,Safari Storme EX,92.0,1479.62,26.3,40.1,94.5256,37.5546,14.1122,0.7353,0,0,0.0,1.624,0.0,Aggressive,26.305,Drizzle,Drizzle,79.2,6.4213,81.4982,1011.8,4.0,58.5,Urban,68640,11,5.6761,4.1881,0.768,18.5279375,73.8522125,Pune,,,,0.7657,WARNING,False
2026-01-21 21:08:03,3811.2,Safari Storme EX,92.4,1584.93,25.9,44.1,79.0983,47.3592,14.2293,0.7481,0,0,0.0,1.588,0.0,Aggressive,26.3005,Drizzle,Drizzle,79.2,6.4068,81.5048,1011.8,4.0,58.5,Urban,68640,11,5.6761,4.1881,0.768,18.520168932038835,73.84561262135922,Pune,,,,0.7657,WARNING,False
2026-01-21 21:08:05,3813.6,Safari Storme EX,92.8,1745.43,26.8,40.7,85.5472,52.7444,14.1671,0.7357,0,0,0.0,1.588,0.0,Aggressive,26.3104,Drizzle,Drizzle,79.2,6.3964,81.4994,1011.8,4.0,58.5,Urban,68640,11,5.6761,4.188,0.768,18.51849456521739,73.85061304347826,Pune,,,,0.7657,WARNING,False
2026-01-21 21:08:08,3816.0,Safari Storme EX,91.3,1264.57,19.1,43.3,22.6506,13.4358,10.7066,0.7347,0,0,0.0,3.221,0.0,Stop-and-Go,26.2937,Drizzle,Drizzle,79.2,6.3798,81.4824,1011.8,4.0,58.5,Urban,68640,11,5.6761,4.188,0.768,18.523921782178217,73.84599009900991,Pune,,,,0.7657,WARNING,False
2026-01-21 21:08:10,3818.4,Safari Storme EX,92.2,1423.18,21.2,45.6,91.743,53.0,14.1534,0.7285,0,0,0.0,3.482,0.0,Aggressive,26.2996,Drizzle,Drizzle,79.2,6.3877,81.5156,1011.8,4.0,58.5,Urban,68640,11,5.6761,4.188,0.768,18.528300970873786,73.85495922330097,Pune,,,,0.7657,WARNING,False
2026-01-21 21:08:12,3820.8,Safari Storme EX,91.7,1656.59,28.7,45.7,89.192,20.525,14.1707,0.734,0,0,0.0,4.025,0.0,Aggressive,26.3077,Drizzle,Drizzle,79.2,6.4154,81.4887,1011.8,4.0,58.5,Urban,68640,11,5.676,4.188,0.768,18.523324210526315,73.85756421052632,Pune,,,,0.7657,WARNING,False
2026-01-21 21:08:15,3823.2,Safari Storme EX,92.6,1552.92,34.5,45.7,87.5247,6.692,14.1786,0.734,0,0,0.0,6.14,0.0,Aggressive,26.3023,Drizzle,Drizzle,79.2,6.4036,81.5153,1011.8,4.0,58.5,Urban,68640,11,5.676,4.188,0.768,18.523374736842104,73.8566547368421,Pune,,,,0.7657,WARNING,False
2026-01-21 21:08:17,3825.6,Safari Storme EX,91.4,1388.26,19.3,43.3,21.6709,9.7087,10.75,0.7347,0,0,1.0,6.795,0.0,Stop-and-Go,26.314,Drizzle,Drizzle,79.2,6.3929,81.5123,1011.8,4.0,58.5,Urban,68640,11,5.676,4.188,0.768,18.522781188118813,73.84672673267328,Pune,,,,0.7657,WARNING,False
2026-01-21 21:08:20,3828.0,Safari Storme EX,92.1,1510.79,24.4,47.8,96.4184,51.5348,14.2412,0.7411,0,0,0.0,6.11,0.0,Aggressive,26.2987,Drizzle,Drizzle,79.2,6.3954,81.4868,1011.8,4.0,58.5,Urban,68640,11,5.676,4.188,0.768,18.517581651376144,73.85189082568807,Pune,,,,0.7657,WARNING,False
2026-01-21 21:08:22,3830.4,Safari Storme EX,92.3,1550.69,23.4,41.2,87.9478,52.1489,14.1207,0.7245,0,0,0.0,5.782,0.0,Aggressive,26.2776,Drizzle,Drizzle,79.2,6.3956,81.4943,1011.8,4.0,58.5,Urban,68640,11,5.676,4.188,0.768,18.52525670103093,73.84972783505154,Pune,,,,0.7657,WARNING,False
